7.514122225444663350e+00 8.067576768529942655e+00 9.120659884340140522e+00 7.523224460486842347e+00 8.227391215103214250e+00 7.809216793975512161e+00 8.202207427178068500e+00 8.195980834755303590e+00 8.238400356641301769e+00 8.274020404130533635e+00 8.599978899899967999e+00 8.085038147042356016e+00 8.192412138674109556e+00 8.231198516218920957e+00 8.976045239388524166e+00 8.088252295261192160e+00 7.222068193607949382e+00 8.299963356742827258e+00 8.192358813617273583e+00
1.142443656348040726e+01 4.381396676971193394e+00 3.946601832275941746e+00 4.327293944600201669e+00 5.318375987422633067e+00 4.927347217404209445e+00 9.862004383205636771e+00 9.598558274558461889e+00 8.371501696444092033e+00 8.445261256538060479e+00 7.666357839082571957e+00 5.831730066585859795e+00 5.971960703839013007e+00 5.354048239775850426e+00 5.864474446687425235e+00 4.698512959404155254e+00 1.140136658066751885e+01 5.007626205728005431e+00 3.949612758626242393e+00
7.142696154301592770e+00 1.208599311731731341e+01 3.645373322485460754e+00 6.939029810493024364e+00 2.737399562632214067e+00 4.036164059005913352e+00 9.073233947518176024e+00 1.119632485656294207e+01 4.908099126704280835e+00 7.949602128581864768e+00 1.119332356883660928e+01 1.157481827091540971e+01 2.973280137818679503e+00 1.105887514327089249e+01 1.061475501704214430e+01 3.865463761089238837e+00 4.039403529123809733e+00 1.280425740705923943e+01 1.256104709132327457e+01
7.086328878957342425e+00 1.180726569490806277e+01 3.699564765927140009e+00 7.715689365907451247e+00 8.429727884752894695e+00 3.720363309882408487e+00 3.419349220229187747e+00 5.804849399336065474e+00 4.765425683755460717e+00 8.168972551066429943e+00 8.014782900661668208e+00 3.387757385283538980e+00 1.078475240416014813e+01 1.162674460763222406e+01 1.132532283176335142e+01 4.163841549183643131e+00 5.615703398538673952e+00 3.113378660734688719e+00 3.061337728490364007e+00
6.229502859089826927e+00 1.103446223918491143e+01 3.596365962719906939e+00 3.491768605339570897e+00 2.511767503868598261e+00 3.200872495489988090e+00 8.388318507453938366e+00 1.131383058865425006e+01 3.116775714927621621e+00 8.856372140261045800e+00 5.075248097503903821e+00 7.508567580418566756e+00 3.023568751047126746e+00 1.210979884445174015e+01 3.236468101507880224e+00 2.725306449410956233e+00 8.654496953917373503e+00 6.563251646333159606e+00 1.214781382144196087e+01
2.942343977293473856e+00 3.583952461725574690e+00 4.130601218320736123e+00 8.644294626340816023e+00 2.307213603440076088e+00 2.695769049458790256e+00 1.091044615794282535e+01 8.074291990521480500e+00 4.682133535051980822e+00 8.105675972034861232e+00 3.370230401256381736e+00 2.647775198035674293e+00 7.655103339885588554e+00 1.099689281841600597e+01 3.937114828435899661e+00 8.017658927017174975e+00 6.328074219929228583e+00 7.273672792154461497e+00 1.270607942219219666e+01
6.841303586174818818e+00 3.418205492390679723e+00 2.975041802432428995e+00 5.456205974907399892e+00 7.888230891932013655e+00 5.155651639228276295e+00 3.399830599580098589e+00 9.210021865420690901e+00 1.171780265852057390e+01 7.663645286855066630e+00 1.210181026389931525e+01 1.105927010671804034e+01 8.747817488237858541e+00 8.044240351687669488e+00 3.049150170578644570e+00 1.132800295198058116e+01 1.178623696805374088e+01 3.072596562792439201e+00 1.197618159623928591e+01
7.042094321493469700e+00 7.999114770379395445e+00 7.467592974297066810e+00 1.192350859375763328e+01 6.474104808692227486e+00 1.178550122069984241e+01 6.087829559362171850e+00 5.597542345611904224e+00 8.134141623571085944e+00 8.353267385093728237e+00 5.008144170122530880e+00 3.215111224450703187e+00 2.917739010254636778e+00 2.992374024533868138e+00 3.188296450324183962e+00 6.413144904837867699e+00 1.090700329882880837e+01 1.098198647547739881e+01 2.597469097207565358e+00
3.476997771475871968e+00 2.942142513083868316e+00 8.376371701740470854e+00 3.161100548452552950e+00 8.739005865227877479e+00 7.982215809052287447e+00 9.094304297969129536e+00 1.133350918157909959e+01 7.809146932099097604e+00 7.950350095076646362e+00 8.941193652294225913e+00 4.990284283472493421e+00 4.905953949441911988e+00 1.136640761336703775e+01 4.199542803104825417e+00 3.682989906709449368e+00 1.066697146470601254e+01 1.163728387146270471e+01 2.883706791746429410e+00
1.253247354938803682e+01 1.103526779812451686e+01 5.660513468189215303e+00 3.246669685156900353e+00 3.171667941886855857e+00 2.475243746279112589e+00 8.443785787112139118e+00 4.895110210506484982e+00 3.698847374849975278e+00 7.859111913571760866e+00 2.318588511509739547e+00 3.383561504597424108e+00 1.040864268586688901e+01 8.331688676051628661e+00 5.262399157355396540e+00 4.269395740211272106e+00 8.215527428949352284e+00 7.483206981911466826e+00 3.459980301637163080e+00
3.729214751172057252e+00 6.592144763218906967e+00 7.622049991179617123e+00 3.068956697921330523e+00 1.153499629435985163e+01 3.711177757371919128e+00 1.080714258329694744e+01 8.242616149915633628e+00 1.098928197753444636e+01 7.872969341176653479e+00 3.054212606103745564e+00 7.830347159575913096e+00 8.585491798132547814e+00 7.952386960692626516e+00 3.340338500453990722e+00 1.194867782133441736e+01 5.608829083149954542e+00 2.880959673290454770e+00 1.143228260992372647e+01
2.681520419803474997e+00 1.226889394540216571e+01 6.606273563346221955e+00 6.705420803662190288e+00 8.376262836915305598e+00 3.896591713098009002e+00 8.663879410575930251e+00 1.054120508166647063e+01 4.341397515347396485e+00 7.628105449464826826e+00 1.080451179060571931e+01 6.116515594808676681e+00 8.693887659678079416e+00 3.059527369487853310e+00 5.406559043581666835e+00 3.618306140127014903e+00 5.600663114109374341e+00 1.022837450357083355e+01 7.505333883114278848e+00
1.185034502582242411e+01 2.904103555664828917e+00 7.738743357995555350e+00 5.519375339379935852e+00 1.185873907089011503e+01 3.324373031309246773e+00 5.039197175697329278e+00 2.434562167047285897e+00 1.124692283098215384e+01 8.481314585124554384e+00 1.103114286232156438e+01 4.177483968868377140e+00 8.994511871870606967e+00 9.394690578389434776e+00 3.946221613197510525e+00 3.673164785475157679e+00 7.475373386820792554e+00 7.323598279303708658e+00 8.055528709784214314e+00
3.184406048842795212e+00 3.657154135331245559e+00 8.091175222713198778e+00 1.173601304621695895e+01 7.692749979164535290e+00 1.118878489264282550e+01 7.285797892534779052e+00 3.030217917225944912e+00 4.718467160789359127e+00 8.458267504679190196e+00 3.388547774805914958e+00 4.052689573565506187e+00 4.128611665639504658e+00 5.072528737916234043e+00 4.833494553751883416e+00 3.474559075303796707e+00 1.177285478134720265e+01 6.449758851660565284e+00 6.810502769607457374e+00
4.082169563197297180e+00 1.180121450031032104e+01 8.584342974381538482e+00 4.270238609459481971e+00 6.406284544420870475e+00 5.175821463143707390e+00 5.559299625836479741e+00 3.290547272017348757e+00 9.191713561278810118e+00 7.541843128761966497e+00 2.988507430094130779e+00 1.065048075994037724e+01 3.283296916880880101e+00 6.958122194227266633e+00 3.853777540124515788e+00 1.080641802863397594e+01 8.263715183144249465e+00 1.139591498245340517e+01 6.484036533692748350e+00
3.867628633321726461e+00 6.568206430833440024e+00 3.120098440644400561e+00 1.195523988823895678e+01 5.670469248092460113e+00 5.202400084473361552e+00 1.203572292862644311e+01 8.533200585648474501e+00 2.831302089115881326e+00 7.839707837755526043e+00 4.815899168431283073e+00 1.070072067703485530e+01 8.240240587430767150e+00 1.074789313494148857e+01 1.100766898429164975e+01 4.103153076400090526e+00 3.172852050896399767e+00 7.368357307008225554e+00 3.859110441869512798e+00
1.219525402123859159e+01 1.135285379323045163e+01 3.303703259910777845e+00 3.941165238952653471e+00 6.701140158239503819e+00 1.138811198850065409e+01 3.923968339828513230e+00 1.172048622410012264e+01 3.239127036773191914e+00 8.257782579064921080e+00 5.653615377246436147e+00 9.036191646896611473e+00 2.718053298846604182e+00 1.124892718806602687e+01 4.662355418036614019e+00 8.150309890821501924e+00 5.284152290412498232e+00 1.209435484877484335e+01 3.048338731903262655e+00
6.176505462997561757e+00 4.963937756389967149e+00 7.610240940217009253e+00 4.408695623444279121e+00 7.087039437242665940e+00 3.722852341716170521e+00 7.842025646142205986e+00 1.163934650538938520e+01 3.320379354628142377e+00 7.265437991090503367e+00 1.123290131401906855e+01 1.075831679373368388e+01 2.354738930704130873e+00 1.182921156121156692e+01 1.052008321438558092e+01 1.188871859201756997e+01 1.117474620699423582e+01 1.172542428578088547e+01 4.334708506038086995e+00
6.357573911094640984e+00 4.229125261518539070e+00 2.346784211160257705e+00 7.328129422351764788e+00 1.151173551504426484e+01 2.629154941327820794e+00 5.129512230240902859e+00 3.269991017907102115e+00 2.008868597322942318e+00 7.964908021065378207e+00 8.610508627117724245e+00 1.131725710626734305e+01 9.220479948792958069e+00 3.801209253789110232e+00 3.795013793840072758e+00 7.868125815750047991e+00 1.243501648721414909e+01 8.261829468181776548e+00 1.965772112013520534e+00
3.814062514786821456e+00 4.688915873070873097e+00 6.368934238253276980e+00 8.844474290573847597e+00 1.187015644942126613e+01 7.972689533450828314e+00 1.224839055769884055e+01 3.074645843954320945e+00 1.183136125419888884e+01 7.756879224718549182e+00 3.501503370595567599e+00 1.141871153657441518e+01 1.092828182101734491e+01 1.101962777999779242e+01 3.085044748610488163e+00 1.203959245584709237e+01 4.006611866070162620e+00 3.221603846680503924e+00 4.254482770928565749e+00
1.205026173152520919e+01 8.269770444298698564e+00 1.155513730480239687e+01 1.125994658089336831e+01 8.846966284779250955e+00 1.045933349550664992e+01 8.228463422220034573e+00 4.417399551323090812e+00 5.554174154727263613e+00 8.753832131933426908e+00 9.621945661910764613e+00 7.847132046111921611e+00 3.413230995039809645e+00 2.811971670804091161e+00 3.313055627434714712e+00 8.326567608562980283e+00 7.504065656074381252e+00 1.219362890793094145e+01 1.163340046643244996e+01
7.494351140879936146e+00 5.928964210568245186e+00 6.704656553578844935e+00 1.166912699257521524e+01 2.493473778374994065e+00 1.161436647866804250e+01 5.716967648018623116e+00 8.673155008094527219e+00 8.399594166948054053e+00 8.227307441824340373e+00 2.233468706807121951e+00 5.609375008343589819e+00 9.235029116362248658e+00 7.420870285824150869e+00 7.903689662719732389e+00 2.611130033819675678e+00 8.534412134988835774e+00 8.349440226866262194e+00 3.067586692367711532e+00
6.952564443340482292e+00 6.077530673262792504e+00 5.725106590456568334e+00 1.218149484566108320e+01 4.929688953741725221e+00 1.153015774258825488e+01 8.450482451229019532e+00 4.525398901131035601e+00 1.070281269532032553e+01 8.317772256673132247e+00 1.152684603937594865e+01 1.145969631857619930e+01 3.346358303131637513e+00 2.664538165591745500e+00 2.232789251213612935e+00 7.509521823660957551e+00 3.896890962263583447e+00 4.295564531720921231e+00 1.115125836888205058e+01
3.960460740792172807e+00 3.126735733202323786e+00 1.143213035369524988e+01 1.090372968942901899e+01 1.170728415213334905e+01 8.007817032231198340e+00 7.936387930915206113e+00 4.627069375820537012e+00 3.688048734405323437e+00 8.138018461762053235e+00 8.469038862550773317e+00 5.673419122833810668e+00 5.500956296593582096e+00 1.196834920441794736e+01 1.048462231371387787e+01 1.074979374949944955e+01 4.011421051674329163e+00 1.241982771761909810e+01 7.857373780427280963e+00
1.212970329920367085e+01 1.183425505148832890e+01 1.125361429919672851e+01 7.814126260351332398e+00 3.720465551221004308e+00 2.877181534576200850e+00 1.106577310559885241e+01 2.245875418209124064e+00 1.183218517359556010e+01 7.598787022108919764e+00 7.823405112066955880e+00 7.291358528239527459e+00 3.146521277647701176e+00 3.222472067792667261e+00 5.349375829432673868e+00 3.544664113379548898e+00 3.375469104618506577e+00 1.177089134831157757e+01 1.206060620164516983e+01
3.160814401640026805e+00 4.189635932819138375e+00 1.087831890186398454e+01 5.853089774313063209e+00 1.133197845956597227e+01 5.331667487785417769e+00 3.122098803609435702e+00 8.801104229595836159e+00 2.685478221215908956e+00 7.469226957005510315e+00 5.256021004544956021e+00 1.143864114006620269e+01 1.111493867122419843e+01 2.762919557209895238e+00 8.053773499254289092e+00 1.153361313186240622e+01 3.911772473540381156e+00 3.396364835992663256e+00 5.723615414624825704e+00
7.301951107018258114e+00 1.114285084875159804e+01 3.422504250153946881e+00 7.550227054802880033e+00 4.118625423698424548e+00 8.648768659867890563e+00 1.145111587016894461e+01 9.376993826808869059e+00 3.739486916042652265e+00 8.156340461410684028e+00 3.341637286485211966e+00 2.720349127133581124e+00 1.143483622661321419e+01 1.054359211427100895e+01 7.671893807151224820e+00 3.513243061807520551e+00 4.326595148006290970e+00 6.296793733155480410e+00 1.862751697508625126e+00
5.386074363944850063e+00 3.407101702528684939e+00 6.007928227996444548e+00 1.096397239581117589e+01 2.583843197885768994e+00 8.746654337300942217e+00 3.577062453756918892e+00 2.755670329387378104e+00 8.216167464683929111e+00 8.358902885434762453e+00 1.134812918433592444e+01 1.093871625689564908e+01 4.835679040496698278e+00 4.167016300283080454e+00 3.204936132133213267e+00 2.805295424176107222e+00 3.577598916820126096e+00 3.199111609328668226e+00 1.143972948173972348e+01
2.533591150507032985e+00 1.231403238267662559e+01 5.871854422240125437e+00 8.022641046864331216e+00 1.131546249699499995e+01 8.646536808933234397e+00 1.124778430604903612e+01 8.755663123453958363e+00 2.963326598381353705e+00 7.441563225288423844e+00 5.205857341033778951e+00 1.185277281357419632e+01 7.346219016332754315e+00 3.030439562392290842e+00 3.355861137293943752e+00 1.214912044567466332e+01 3.333302021161952400e+00 2.844421304235269066e+00 4.553140899690286680e+00
3.681711701054306118e+00 1.176404437969321393e+01 3.868310149358752614e+00 1.251242659136393520e+01 4.810483562903894672e+00 5.677616416994463400e+00 3.079776372093401715e+00 1.094925167756769824e+01 2.654622954341737451e+00 8.276326636871852216e+00 8.539135355194542143e+00 2.379110312609750366e+00 3.453518514714087217e+00 8.370441030610944466e+00 7.300784320252753368e+00 2.952210380415278390e+00 5.459370778435030935e+00 3.228710992829100235e+00 1.132497114237972546e+01
2.045155567897035009e+00 5.887499239895304548e+00 3.035289523607344719e+00 3.897389755989536742e+00 5.308170938208371048e+00 1.144983658153914519e+01 3.353345905859737908e+00 5.808134175737214022e+00 3.587544352549480120e+00 8.096017616755943891e+00 4.386531986718541276e+00 8.447615126186159173e+00 1.071941897764071960e+01 3.109457552825476867e+00 3.348923053061471755e+00 3.906292010701597928e+00 5.880657803060842959e+00 8.545256134390983860e+00 5.903328976415050278e+00
7.782997243222204098e+00 5.475820854907948565e+00 5.575011311691469906e+00 3.662897058088112168e+00 3.625564358652543007e+00 1.077200527542718334e+01 2.301930757235426395e+00 7.305895574359176692e+00 8.669142415926025080e+00 8.183188254619853552e+00 3.285260659997956356e+00 9.318058417637608670e+00 9.136727684182618603e+00 3.372349766783265146e+00 8.093688099568389305e+00 4.882589252445489691e+00 1.098725147444263150e+01 1.193807293267529168e+01 7.691307710903505956e+00
7.162914528731984198e+00 1.156892574166913512e+01 7.551062010494046461e+00 3.053106538355135235e+00 8.315982635253005739e+00 7.273997738033506799e+00 8.878781826726203974e+00 8.591657610069335149e+00 3.256689376703167049e+00 8.322529427929470813e+00 4.694984257956169138e+00 4.663057433415586317e+00 8.442984246721534802e+00 3.345913562248060913e+00 3.561866817707295851e+00 5.933383404707462283e+00 3.559148436479723454e+00 6.802686719383088665e+00 1.164864984403066295e+01
1.237337117839986078e+01 8.094615322898613741e+00 1.072388858021093405e+01 1.215921782224096148e+01 5.587390485907134163e+00 6.197405641541273269e+00 8.871182332021911421e+00 3.066661295813522425e+00 3.346640216741139984e+00 8.002843500939395227e+00 3.327011376747130544e+00 9.015716144867457871e+00 1.082855350707705178e+01 4.543528553564996741e+00 1.169342535023584340e+01 1.191352108023658651e+01 8.582982309870617499e+00 7.819665798018371916e+00 4.354991627725847358e+00
7.487875753035827309e+00 2.201440347353382787e+00 3.481626344707856813e+00 1.149309472565129830e+01 3.697612847502759870e+00 1.221076704892037768e+01 5.675456530119617149e+00 3.468496002911552800e+00 7.764703381573657026e+00 8.795899213550294249e+00 6.072665123426753908e+00 1.151621898417395862e+01 1.008983535774981277e+01 1.144896310687736651e+01 1.137375543827109503e+01 1.174434107806467864e+01 1.212755503655711564e+01 3.670701187926196152e+00 1.258901373973919569e+01
7.428851895655347981e+00 6.408775307943667343e+00 1.233279529959835052e+01 5.885347698295570140e+00 5.711182954034662806e+00 3.753202916862174998e+00 1.067907449841464640e+01 5.086658818483581257e+00 1.122702712523502377e+01 7.587379004786407144e+00 8.085514498898049851e+00 2.623211167287470058e+00 5.296795188204335147e+00 3.832452921058690620e+00 3.793164569390618190e+00 1.210203080102470885e+01 8.567267789892342833e+00 1.230815919752550336e+01 1.210809757564306288e+01
3.660971731971201848e+00 1.143677492406690632e+01 1.183048143202544544e+01 8.191593287842097837e+00 8.596605999723584191e+00 3.293476404312439154e+00 5.904798144443732077e+00 1.186934678676412247e+01 6.624711077781485713e+00 7.962120317952347648e+00 1.156923974296774738e+01 1.099394246981371381e+01 8.458376836927151032e+00 1.141844231161356760e+01 4.768472481832650267e+00 3.600077186075672397e+00 3.255159842791698566e+00 1.136079186724497703e+01 1.197404541437054526e+01
1.214146999847664254e+01 3.798493766368754354e+00 2.998705210796127396e+00 4.927359351822085287e+00 5.715696033516877606e+00 1.209591138419757073e+01 3.266361438921928873e+00 2.325219722163490488e+00 5.657066844296842589e+00 7.434058920444920560e+00 3.849535164282185118e+00 1.139742351422590261e+01 5.229701381123292414e+00 5.500045335997673313e+00 1.160239290192494188e+01 3.072873238267715745e+00 1.191623389520703746e+01 1.211707920507319969e+01 2.861125377884814469e+00
6.199616088974026162e+00 2.657600495086933634e+00 3.570551739195741092e+00 1.134391304598146100e+01 1.175050017911410372e+01 1.109594972219758624e+01 3.558442622259626820e+00 1.118693355907616827e+01 2.711897002395263989e+00 8.177454475020683233e+00 2.971073808153092966e+00 1.157567766319559510e+01 8.715734368313679425e+00 4.898357915176702271e+00 2.574896832241525324e+00 2.887461622103651315e+00 3.630782044613350301e+00 3.645871955584873536e+00 3.392872942370639855e+00
6.237808780612223103e+00 4.261655633124145304e+00 6.574088945354216840e+00 5.765381356823934489e+00 8.337806428185261964e+00 1.169700871878559489e+01 2.864929978579303871e+00 3.813996495895679129e+00 7.684541539201056537e+00 8.098073582848297036e+00 4.725076380485542238e+00 2.729145747372513142e+00 5.347883719438231154e+00 4.061294072631257634e+00 8.743159389326200071e+00 1.173038351527895173e+01 3.860323373812906134e+00 4.382589356428916894e+00 1.090199155120982866e+01
6.430742031769702827e+00 5.943479651414368625e+00 5.927322516760697546e+00 1.187947984089386644e+01 2.558123902277813055e+00 1.198027868994000755e+01 4.721035106118448788e+00 1.176143516963492708e+01 1.186503804750267221e+01 8.155620956731976179e+00 7.186698932273581697e+00 1.055306233616434497e+01 5.257190766010473304e+00 1.863886956112589477e+00 3.723086847398771937e+00 5.952470788837825211e+00 3.559459113262318120e+00 3.672213442099233838e+00 3.704257486093097018e+00
6.009790452553214202e+00 4.194809987139009877e+00 3.495066321668352849e+00 2.535076611449174511e+00 8.193445172612657146e+00 3.872475631516219874e+00 5.309853682569176669e+00 9.310751559714473657e+00 1.118899834699324636e+01 7.898996535668354468e+00 1.685795142807929636e+00 1.220674948958730788e+01 4.037899919190486742e+00 2.520875850544654906e+00 2.846552103396494005e+00 7.848857580328111538e+00 4.247441571295454743e+00 3.760999787307822029e+00 3.982038471593849494e+00
1.123935749300957276e+01 7.530802798002443232e+00 3.730043761051021978e+00 3.918600529983350178e+00 3.970452920611117875e+00 8.452902470220534425e+00 4.914894526503110761e+00 7.745142336770752145e+00 1.114526733761992716e+01 8.013660859272174974e+00 1.106310693810666734e+01 2.951778526284343673e+00 4.611057880447877899e+00 5.960571049871639993e+00 2.545182817945496723e+00 3.292858978847292839e+00 5.629390139055071351e+00 1.143410725314617338e+01 4.061659206370086039e+00
7.605589818512359379e+00 7.596329471227743824e+00 8.346353580686729501e+00 3.223559248965492507e+00 5.937745189075999797e+00 5.170385753391111727e+00 4.615468700143564362e+00 5.823873595709123663e+00 3.866594959646531660e+00 8.053528281589375837e+00 2.505344295806220423e+00 8.360422195001250500e+00 5.823634834764928492e+00 5.203153023668094512e+00 8.544331461277673512e+00 8.399894730422406752e+00 5.316729881058202878e+00 3.403233009394042607e+00 2.266898590088180399e+00
8.429455704560215423e+00 7.889147422319992664e+00 8.157945130672093370e+00 3.358450181480759689e+00 5.971964649941090997e+00 8.943284619927950985e+00 1.184998468210623557e+01 4.712452572749914026e+00 1.177379239088514673e+01 7.972268543119451323e+00 3.667572644803533510e+00 1.115951319510521067e+01 3.764939083397717656e+00 8.325538185200050734e+00 1.163488657660612446e+01 8.192005481064878580e+00 4.132247278676324242e+00 2.438807901777368947e+00 6.598516496233282957e+00
3.191193156670158348e+00 1.207638496632151259e+01 4.425645590798282569e+00 1.122937102360859285e+01 8.131579010872300728e+00 5.393359581420926752e+00 7.506800548222920533e+00 3.024959555857012816e+00 4.070786303470750767e+00 8.435048525092827987e+00 5.283394921044682668e+00 7.504839618228309028e+00 8.117652498175885967e+00 2.827540430863335619e+00 1.089291605080396508e+01 2.875452484198800729e+00 2.973980703142823145e+00 1.129474138591213084e+01 2.901829207486430029e+00
7.268088085430507661e+00 1.128293212167795012e+01 1.215827825642043969e+01 7.496859552838691876e+00 4.168256619235494398e+00 3.479305615270500862e+00 4.897841706554308949e+00 1.163334557289369364e+01 2.309235418394272710e+00 7.461454843265459935e+00 8.601333702998166686e+00 3.195467046786529597e+00 1.989692700059549679e+00 3.769940515521126301e+00 7.250369948992839930e+00 5.280347025785608217e+00 2.961485639822226457e+00 5.956421695003800920e+00 6.315230646611556864e+00
5.645854869862717784e+00 1.222349009949376430e+01 1.120781661541869312e+01 8.669577870716585366e+00 6.171475634288911216e+00 3.075170054780643536e+00 3.461730205314753395e+00 1.189326000922357984e+01 3.986788881196945411e+00 8.105816075574628243e+00 7.847995852212966916e+00 8.494089769281147895e+00 4.140278164951665119e+00 1.998981236601540479e+00 2.640947156468975265e+00 5.549987256209862885e+00 3.826201665734805246e+00 3.412970423812099252e+00 1.148428404703033934e+01
5.794206025694537132e+00 1.239147457315270451e+01 1.204805800029455654e+01 1.116102121952732062e+01 8.503160491794645282e+00 3.438081586941305723e+00 4.344557173059740762e+00 4.012627675711546438e+00 8.833035628207664303e+00 8.312509116946332099e+00 7.460970101285575140e+00 5.060456262393857152e+00 1.106883874093792386e+01 4.557269640336633287e+00 2.986927750330289122e+00 5.831133370101292179e+00 1.137683746846220245e+01 7.997847503060072860e+00 1.166456016117298944e+01
7.013195531696897689e+00 6.709222653156723837e+00 1.209814651873483626e+01 1.136108067287757883e+01 3.583983436641018372e+00 4.027891141612730763e+00 1.041898133645049107e+01 4.146261161546362040e+00 4.039126197119720985e+00 8.533720989788527334e+00 8.481681118385967721e+00 5.784079604778695760e+00 8.309671061610414355e+00 3.199807292993354757e+00 6.069433931506633684e+00 1.161980720834883840e+01 7.456469328800632290e+00 6.293724282796744340e+00 1.261597542548896733e+01
1.227977750246617461e+01 5.695999046494972795e+00 1.036804580130289821e+01 4.733385931430089677e+00 8.797438192097098764e+00 5.262454812914612923e+00 1.214095594540649081e+01 1.024337100181376847e+01 1.178976485245897443e+01 8.748298013463646328e+00 8.126089119041715492e+00 4.055609872529323923e+00 5.655170072547650584e+00 1.165249154877708726e+01 5.460633117745639531e+00 8.186158883106726236e+00 8.534453859638016837e+00 7.380134094713822535e+00 7.215505157683142379e+00
1.230331861205106492e+01 3.419426571280342220e+00 1.196064045410145660e+01 7.903345627702865528e+00 6.682672754310668317e+00 7.054429335890961106e+00 1.199262465758600449e+01 5.399081888732801815e+00 7.685971188724823655e+00 7.981525467490891756e+00 9.065847703182349449e+00 3.255415483625587303e+00 1.036236265300845361e+01 1.178705378508864143e+01 3.328564866933878541e+00 4.081631437305818011e+00 1.214182657965702283e+01 5.820385427803849154e+00 3.715787697101994524e+00
6.169007598483478461e+00 7.425020218661447124e+00 3.841721975056754612e+00 1.075551951682819229e+01 3.462315455359667116e+00 7.849862124397762209e+00 1.163798690413013226e+01 8.765383523255568576e+00 8.127692418225128890e+00 7.612505772317495811e+00 8.720849779463113904e+00 1.117584125141498674e+01 3.982611281020723482e+00 3.579265710018003421e+00 5.853561348522842600e+00 1.206973346741433950e+01 8.159993132800076765e+00 1.143493587209989215e+01 5.408092068740645075e+00
5.610741167408367147e+00 5.379246928395300387e+00 2.931430516956092358e+00 1.217769126463182161e+01 3.940815062994791340e+00 1.044855459936440134e+01 8.238528843528513335e+00 1.122056972015017706e+01 8.521411255327477008e+00 7.896654741620110052e+00 2.667754378323976105e+00 5.913545748725947959e+00 3.245279001035165756e+00 1.228534330156126764e+01 5.490056064582724993e+00 4.250492944794807215e+00 1.250807731760974661e+01 6.633386702656455469e+00 6.646317539585441914e+00
1.231644493398909113e+01 1.191636878143872735e+01 1.203708031665548361e+01 5.961266654222478145e+00 2.364925093492413311e+00 5.794883451376747097e+00 5.077530296589106484e+00 5.215055178986667705e+00 2.103677462518749763e+00 7.907772226833156282e+00 1.048676786043786358e+01 1.138185824079858932e+01 2.993599744131418383e+00 3.515652969735245659e+00 7.504517733006194291e+00 2.856643304555571472e+00 3.440708682747059211e+00 1.109043273726976331e+01 8.279413016059560704e+00
1.191369520781094060e+01 5.415063976177152405e+00 1.170007837668701356e+01 2.700668826963317670e+00 3.330578497860404941e+00 8.086197144709286633e+00 2.753609703315099466e+00 2.037602368054701962e+00 1.095587922264348535e+01 8.111133087554490473e+00 5.333851173965689085e+00 5.107908330788702322e+00 2.701380547349815586e+00 4.115278878852408617e+00 2.917091520098233026e+00 3.055129959681440077e+00 7.409257836465584113e+00 5.962519706802658526e+00 1.195039218543124626e+01
6.874566718149036859e+00 5.486721632434361062e+00 1.124607346954184450e+01 8.272153144344615683e+00 6.191080371051656428e+00 2.822767090004731028e+00 5.471536601407992251e+00 5.001842470635511795e+00 3.946818142343804681e+00 8.019050684404412266e+00 3.834318474180252512e+00 4.660147995778793018e+00 1.105668613603388728e+01 3.608594394239361680e+00 8.340630599154774671e+00 3.466646267514895019e+00 7.905078688542573673e+00 8.193240756698356719e+00 1.195523117930203227e+01
1.126131138379095553e+01 4.334895548275962796e+00 1.196030552048396167e+01 3.593559207612802009e+00 1.036957436271254629e+01 1.162027875180866943e+01 3.576822259124831760e+00 4.660545738261221871e+00 1.116674107089597534e+01 8.037949892222938431e+00 5.514174938373340495e+00 3.011161036665165103e+00 3.575013894444973861e+00 9.112932073479218076e+00 3.504718849290012983e+00 1.181535166462800035e+01 8.829981422310591910e+00 3.390284834749802467e+00 6.657837293729201633e+00
6.166472684010312122e+00 7.450934388225952887e+00 1.137423244000710731e+01 8.626942054946404426e+00 7.703746727731775934e+00 8.584572531677533647e+00 1.154492837985873521e+01 1.005568304662690338e+01 4.657173881637324264e+00 8.543670001816682458e+00 5.124231742825251956e+00 3.229792965918235392e+00 1.142573656878752963e+01 1.127209628340025205e+01 2.997490710065488617e+00 2.313547512213848911e+00 1.843899552552199506e+00 1.144590950347348546e+01 6.983112314039638946e+00
3.888698742743902148e+00 1.164439129646508952e+01 1.219521061766491776e+01 6.639084026281426354e+00 2.479749409166307483e+00 4.379844637316503864e+00 3.639509355440987637e+00 8.217062706721160126e+00 4.345885411800916032e+00 8.232415626792695562e+00 1.756694835145515166e+00 8.464506038754466388e+00 3.645731404304684897e+00 8.138096222554183967e+00 4.651106580876135155e+00 3.953016891452582282e+00 6.167161766547737400e+00 1.118326153579887006e+01 3.027073962326895185e+00
1.190381627051673696e+01 1.187181602163101068e+01 3.316723200508941982e+00 1.129959354364594049e+01 6.260031345159275951e+00 1.123983871692295544e+01 5.689730773629152694e+00 1.088603993943102033e+01 8.774107192203580041e+00 8.329932640081015194e+00 1.157741871629506925e+01 5.164195680194125337e+00 1.132451059492523804e+01 3.557485814477626906e+00 3.213052381227881948e+00 8.695805645701950581e+00 5.767617303130502471e+00 6.991323527910627611e+00 1.149292702349396045e+01
3.380600853308399323e+00 1.177210391904118758e+01 3.206171536484420770e+00 3.673123874113471299e+00 5.398063342324128655e+00 8.152532876043512289e+00 8.828133897179862188e+00 8.455022274188273457e+00 1.027480273095947361e+01 8.004041583134410942e+00 6.378245242262837067e+00 1.142304478154824920e+01 8.436945558750599261e+00 3.430735466789015309e+00 4.951515778711901739e+00 1.206757121569430247e+01 1.185338086044337302e+01 7.086693216211619628e+00 4.622205080828655888e+00
6.186234032031770802e+00 1.125028633733594319e+01 6.541305929628558502e+00 3.270932074826525593e+00 1.130704246045421968e+01 2.773768956391431395e+00 1.144417488763289370e+01 2.491242663802720525e+00 2.948682122164917985e+00 8.384042627563617955e+00 2.988033405974823697e+00 3.624639259904763655e+00 5.709647540986800607e+00 8.636749703036636916e+00 3.408006491906321322e+00 5.642723210334064987e+00 6.172150718812347669e+00 4.489345753559113028e+00 1.158177447293511975e+01
7.529469923986447100e+00 6.267890112145773962e+00 6.060394709267266755e+00 8.078744075654013201e+00 5.271771310135833666e+00 1.060761905402668326e+01 1.157290845730236306e+01 7.759321859600499138e+00 1.075501989840782002e+01 8.059145185581076731e+00 3.378853693903636213e+00 3.111795943974728029e+00 2.994527997198179303e+00 5.562529635181040710e+00 2.902497225534864889e+00 8.341347040391447365e+00 2.354099564744089434e+00 1.181517533713803658e+01 1.119260815923351338e+01
3.768411499764647399e+00 7.581685083160884631e+00 8.522787495621484410e+00 1.115828081122330140e+01 8.475287947819216683e+00 4.771248766636615457e+00 3.191343257263274502e+00 1.238673859220359752e+01 2.426399629444775385e+00 8.822149040281152210e+00 4.723343485875457937e+00 2.193290836472383099e+00 1.194678254546463947e+01 2.918040570074891704e+00 1.561710547622844114e+00 3.022040087728016466e+00 6.610420625810197848e+00 4.248621025654407468e+00 1.205207179201056888e+01
1.212792437579462401e+01 2.709850545651874665e+00 8.263225927325576592e+00 4.739297048565305204e+00 7.760126708605821655e+00 2.056704397667537876e+00 3.560894240027499880e+00 2.938268198776308626e+00 5.094690879361873037e+00 8.208849915164762479e+00 5.426896297463637886e+00 8.041359181806798873e+00 1.090070518842330216e+01 2.962869300989444010e+00 1.176276097200479320e+01 2.873844975696846937e+00 3.208292475125273491e+00 1.084591869687888810e+01 5.725809059368973664e+00
3.369277092381778527e+00 3.713097017655059062e+00 1.070454258507106005e+01 7.016850267068927671e+00 3.003920521747699190e+00 4.531656746574537209e+00 8.311151902438725259e+00 1.143157545200229031e+01 8.055459629627971907e+00 8.471324994721008750e+00 8.458208104279265171e+00 1.178946809857725420e+01 1.092710325557507467e+01 3.029945112866136103e+00 5.173630996087760892e+00 4.979257084272767919e+00 6.111241486585259786e+00 3.560358027387394486e+00 5.899889672250218098e+00
4.199603599226430894e+00 1.225854596508019867e+01 3.020322905567529137e+00 1.149346925175076883e+01 2.731048719234166811e+00 4.042251116185178184e+00 3.785277438427952834e+00 1.119147812455755542e+01 7.690657587608805024e+00 8.081163075913122995e+00 1.088096467269078182e+01 3.811625679301361203e+00 3.837824600231709571e+00 4.059832338339331770e+00 8.644110881256779066e+00 1.219009197150440293e+01 7.681447547545202426e+00 1.144913681275265382e+01 3.639126140220724004e+00
6.565727265145710589e+00 2.970441942024755200e+00 7.772267637030796372e+00 7.745879480782463133e+00 8.112257460365318806e+00 1.154067037778527904e+01 8.030731161068219492e+00 1.154234190883352618e+01 4.642935773538299671e+00 8.299779402712928800e+00 1.095404244866678134e+01 8.483525275955129175e+00 3.318363167054685814e+00 3.198560372447508016e+00 1.178359986650142055e+01 1.151405013362348484e+01 1.213764638783737304e+01 8.135183397029155827e+00 4.056291565207216898e+00
7.360338266671262453e+00 1.140344949406366659e+01 8.332827822511733373e+00 5.484532231418318915e+00 3.039846935397636507e+00 1.206293017026914960e+01 1.030271301888712188e+01 1.150805210310145554e+01 1.191458618607894770e+01 8.303998459055305759e+00 3.395301516729195779e+00 1.108618264248370799e+01 2.904173900174684242e+00 8.100121965778468436e+00 2.971811960003860609e+00 4.630824470424791173e+00 1.211936540054870370e+01 7.835447305637021742e+00 1.147565343182713882e+01
3.912106772410121280e+00 1.132160670104947719e+01 1.084114259451396123e+01 8.074367050424626768e+00 8.842395834996930049e+00 2.682358094845846974e+00 9.037408057233351499e+00 5.316214235103971397e+00 1.177146494501573670e+01 7.604267947796023108e+00 1.184878465506418443e+01 8.293000054661746390e+00 3.001797144288452124e+00 4.650740488067952150e+00 3.728136303952660491e+00 7.963318439276378058e+00 1.161422425429212701e+01 3.595632980952506941e+00 1.234185159898094852e+01
1.997096944251373074e+00 3.211048420531811054e+00 1.112514181057034079e+01 1.183075962155383820e+01 3.007690275763297727e+00 1.188263453707102713e+01 7.268241192016548169e+00 5.244803907617904493e+00 8.178981207566215161e+00 8.567382353595871081e+00 9.212655745916746852e+00 1.088024283318500807e+01 1.183316849353068001e+01 3.930884509811543026e+00 8.928511519719691591e+00 8.367741594242884773e+00 1.186815225051498324e+01 1.140475648497322148e+01 1.146200917891815330e+01
1.205217338566240848e+01 1.122544160087192289e+01 1.228855800951531840e+01 3.674433334423004904e+00 8.670312808164050367e+00 3.335621907982618151e+00 8.268733232496096264e+00 5.645426911135972503e+00 3.626618449584064319e+00 7.756785993226437803e+00 8.968143882915333265e+00 5.436707295460338152e+00 5.400256517360377373e+00 1.154250881023332198e+01 7.497626951076174606e+00 9.881914261734708660e+00 1.210185444413342459e+01 1.193963078552453361e+01 6.102837634395442912e+00
4.235049764091430191e+00 1.186570406736978356e+01 1.175891712312230020e+01 5.735274496409836331e+00 7.979351992767043100e+00 1.153703696185280236e+01 2.689095658636534214e+00 4.821169807996447787e+00 8.130914614555862840e+00 8.513725861046758325e+00 3.366923970761336982e+00 2.966384593828616190e+00 8.514822053394688339e+00 1.104361037828266134e+01 1.186259334159455570e+01 8.787721009239273684e+00 1.146954397508090651e+01 1.139792061593576022e+01 8.207716360540221245e+00
6.656376599885236445e+00 1.177488441237102812e+01 3.146001378764149869e+00 3.930506621116428789e+00 3.720927138846250148e+00 1.128937797139469446e+01 3.704279273130860695e+00 1.169860455784289144e+01 1.230973728285304425e+01 7.947771757874971144e+00 2.154301792964056883e+00 7.405165077937379436e+00 1.213111429028837307e+01 3.694773448740216626e+00 1.116232126368394795e+01 5.869419018359399942e+00 1.192369010741959556e+01 3.035372224288880094e+00 4.290851856203771852e+00
6.416745233093172907e+00 2.645389206562092532e+00 8.269838088364657835e+00 8.610018687044515673e+00 7.728217478502585003e+00 8.726051877477292606e+00 4.086853647881538265e+00 8.214236495109927816e+00 4.800634035863931004e+00 8.352709539015270579e+00 7.965219714400683770e+00 3.911096295262454170e+00 3.083674545927875599e+00 1.182449846935763205e+01 1.207108311982978321e+01 3.862027391754792927e+00 4.772816456728804724e+00 1.198435255816822398e+01 7.905232835994260299e+00
1.121524166379805720e+01 7.290911041555398597e+00 8.056133745981387762e+00 1.198818176031679883e+01 6.519071564606188751e+00 4.575423519874248335e+00 1.107058470272279926e+01 1.062948387355632462e+01 8.135459875964349052e+00 8.070564166098540326e+00 1.063487602590002901e+01 4.423516422918010171e+00 3.874969975965805169e+00 3.930729659522199437e+00 3.847853242286991993e+00 2.674225178402915848e+00 7.317444603369598788e+00 1.196936964595142960e+01 7.195934011452002288e+00
3.643367046097758966e+00 7.795872022513040456e+00 4.828265490660622383e+00 3.761784569375260290e+00 3.136044577638879893e+00 3.291947467212644973e+00 1.072604781754799319e+01 2.830247309427134983e+00 3.783305896114428801e+00 7.887839036666159487e+00 1.148046689401898490e+01 4.107594266277067696e+00 1.146303696600480926e+01 8.623474703306857947e+00 2.547088771964676646e+00 1.182331216007309038e+01 3.091478828225249220e+00 2.727980155856043698e+00 5.116157928436683378e+00
3.946831379866764689e+00 3.151101334674246246e+00 4.274009270904334912e+00 1.158930896041647429e+01 1.051263690040604537e+01 3.202370401661932320e+00 7.719583271664323121e+00 4.826203465339867549e+00 3.637816291576120520e+00 7.955902602796967926e+00 5.252584533278719547e+00 1.144478332772389528e+01 3.240806326819493322e+00 2.369426622331769039e+00 5.885899899606166663e+00 1.137218920502842323e+01 1.198575988103802459e+01 3.792736017592379216e+00 6.657355909835911412e+00
1.150573653562827126e+01 3.325991418374955710e+00 1.258927507975914040e+01 3.396425537729932387e+00 7.347293599571885103e+00 5.314649682637042183e+00 5.163758491530677119e+00 4.527698742120478848e+00 1.154198382305673931e+01 7.669288792373848196e+00 2.868545452809012186e+00 3.767944065835996170e+00 2.671485714738083939e+00 1.157708422029483764e+01 8.058058456752769771e+00 3.707111011858595262e+00 1.157088727068765976e+01 1.160227084942174791e+01 2.605288778091528368e+00
1.106228915907060895e+01 1.206383438805947073e+01 1.085176480684696365e+01 1.125472454489915997e+01 5.029634118243193619e+00 5.857295755359648304e+00 1.009948755107394547e+01 1.107755287563407265e+01 5.253990790592997229e+00 7.966683896718319779e+00 3.666316092813165728e+00 5.340198274667442568e+00 1.079165775026405605e+01 5.669523341864630694e+00 5.362636561354833908e+00 1.055453715340749099e+01 1.119477000355521135e+01 2.069998824852006258e+00 1.152028732888449625e+01
2.839808952042852663e+00 1.179027247086513341e+01 3.346281574124560620e+00 3.155055893742221507e+00 8.305289037032766331e+00 3.920945944525645821e+00 1.153122686459582269e+01 1.026549071009034364e+01 8.759084447053490763e+00 7.708311970905633359e+00 9.358177268589676245e+00 8.593253461442118990e+00 2.991676930275058766e+00 1.215313923813918784e+01 3.154104680584121745e+00 1.123670207087857520e+01 1.285381413880640800e+01 1.215620841732205371e+01 3.555862714044241812e+00
3.327889800970754042e+00 1.208341592405777654e+01 2.957689591244446081e+00 3.870524841082993106e+00 5.852828798733464843e+00 2.669492013754643178e+00 1.200341606576002995e+01 8.060861994549368248e+00 1.226723992310121325e+01 8.452359264858548826e+00 9.421841441807856654e+00 6.098103989332719799e+00 3.787748138401048514e+00 3.165669439497573290e+00 8.343432834001971443e+00 3.565324296374840607e+00 8.065991024345684934e+00 1.205761183617659249e+01 3.055445897750685091e+00
1.187254074182313168e+01 6.597728520912196970e+00 1.101921547670635704e+01 8.861109275314726474e+00 1.127510252842814786e+01 1.201775652855489618e+01 7.258366122348213878e+00 2.842573991371534881e+00 4.539336314716844178e+00 8.024396874331127805e+00 1.179015551595236033e+01 2.518587275216861432e+00 3.272767861833842495e+00 8.680941032947682601e+00 2.858026219559212322e+00 3.081280404486499869e+00 6.994258272446995939e+00 1.138094309360486811e+01 2.896944870018161033e+00
1.207200403668655042e+01 3.350423974022869178e+00 4.064834417529617383e+00 6.177299386049081242e+00 7.907110789955530628e+00 9.898826601939182623e+00 1.091284468476869840e+01 7.622848766519878971e+00 6.488597569027357181e+00 8.391903308298511277e+00 1.085741742901926976e+01 7.871786242709089443e+00 3.319159640812253897e+00 5.730902680708632069e+00 5.974627799655284122e+00 1.239115315912885507e+01 1.150287156671219790e+01 1.212541519174589055e+01 2.066915666124807593e+00
5.922126987901032535e+00 8.211746301214846611e+00 1.196569587190873918e+01 3.783878110164673458e+00 3.491255887009109049e+00 1.220722340653781401e+01 1.125148263745814425e+01 3.646504936140045228e+00 4.134862390092163942e+00 7.416999896097268063e+00 3.358158393262538066e+00 3.237866936725487754e+00 8.189297074399872756e+00 3.566835703720668160e+00 5.846323616559129022e+00 2.885478315825146023e+00 1.143999290241111844e+01 3.154648727204965919e+00 1.156502701088518670e+01
4.876897726318563997e+00 1.244180801743187459e+01 4.285084795510144318e+00 4.153979409477340567e+00 1.151783723525932857e+01 7.624481978195485787e+00 8.063393725883541308e+00 6.714529183700008730e+00 3.240361139034541260e+00 8.244440201379731548e+00 1.063724005975933906e+01 8.554942598094326556e+00 4.395909664073316847e+00 2.407803401735433724e+00 3.219379194227441676e+00 7.883769857130062064e+00 3.950648023199107239e+00 1.202601158165699857e+01 1.235024299067542053e+01
1.236578350070847598e+01 1.204055623989858859e+01 1.026801860841046121e+01 1.188378752429621166e+01 4.905132507025352417e+00 2.407114210401999355e+00 8.008310344573290607e+00 4.663273652178490103e+00 1.086971099039297606e+01 7.852937726847334154e+00 3.004180128333333588e+00 5.162744486682071532e+00 1.227246320555352277e+01 1.153045711834358933e+01 1.188566445965156149e+01 3.511274905533297019e+00 1.065517444264598801e+01 3.666038221714428946e+00 1.169919583876311187e+01
3.556988754202456526e+00 3.144349255840711788e+00 1.146980554056373869e+01 3.660663996643621410e+00 8.132220499120467849e+00 4.166526981049399225e+00 3.357876526874310485e+00 3.976358604468121172e+00 1.090097581618456246e+01 7.531399131507725109e+00 7.915559475967440584e+00 1.110466086054829304e+01 1.228651838207748526e+01 8.496576098435562940e+00 3.242511370538158300e+00 7.637947632027120903e+00 1.253464141676159649e+01 7.068337899353279496e+00 1.180407283426803744e+01
7.258655387339630671e+00 2.193334381863794924e+00 2.543345991604375911e+00 3.100293831771757436e+00 4.876068646305336429e+00 1.144951334047795122e+01 5.231897193292969206e+00 4.322106144684704887e+00 1.137250997528545327e+01 7.940665812399775092e+00 8.723463027657100355e+00 3.281500773860634990e+00 8.196563691379905592e+00 2.576986821510725889e+00 1.128520902589444042e+01 3.462561108541409638e+00 3.066077626563335823e+00 5.775286133827023605e+00 7.731577782548249900e+00
3.326446785262737738e+00 2.326123662644796752e+00 1.169507670127050503e+01 1.190857124272606526e+01 8.989718890124651196e+00 3.420792708043347119e+00 1.100967655475952434e+01 2.863786377855709997e+00 2.468706100341496956e+00 7.905896950191678485e+00 8.667820345439785967e+00 1.176651380343395203e+01 7.731913720909536991e+00 2.751080460142396600e+00 4.269666983423340056e+00 3.160388964935203049e+00 7.606327756631091397e+00 7.433053661230722753e+00 6.710848106361535059e+00
7.094083659063806557e+00 1.245209279851886031e+01 1.167060700669413364e+01 3.736405525940349914e+00 8.620608376479157897e+00 1.227373378095642309e+01 8.481999077719983404e+00 3.544475052295097406e+00 4.934287394713457786e+00 8.212724949112878647e+00 8.761384751838788176e+00 3.192920059390900178e+00 1.163881894726830524e+01 5.954972590667948040e+00 5.342767249936930085e+00 7.467066966869540856e+00 1.158519279741259211e+01 7.908962426110775823e+00 7.030191167472511715e+00
3.977776823403246453e+00 1.118951251489764331e+01 1.158314611280253992e+01 1.140571234478148988e+01 8.255923345325653528e+00 4.668282163670210316e+00 4.796005459008459759e+00 5.564962451659104303e+00 2.857510734409693942e+00 8.427919493519269167e+00 3.068617126758069080e+00 8.878457866351988415e+00 1.158749142113441977e+01 1.109637610813166653e+01 1.087387027072058920e+01 4.349887344048297244e+00 1.111108654184437228e+01 6.664773851059447196e+00 6.505677247825150999e+00
1.189286866674877530e+01 1.191314114643890854e+01 4.288068516793365426e+00 1.252680436479305293e+01 1.203587147376223143e+01 6.116782161056184108e+00 1.172860278445621418e+01 8.318506867076777667e+00 8.257828187705182899e+00 8.409063442805207345e+00 8.412727507455716847e+00 8.164081595283230186e+00 7.403377241817673315e+00 4.428538249027337947e+00 1.169451706552871606e+01 1.129355312190435079e+01 7.224493935087271446e+00 1.188063215539528272e+01 3.438914117761139977e+00
1.166923723132980939e+01 1.187280914462169790e+01 6.225934103240517992e+00 5.698576563484902380e+00 7.009606094807061538e+00 4.995387044145940258e+00 8.966010946640123436e+00 1.099537096933828195e+01 9.058079600550078325e+00 7.933463791736191872e+00 6.101133950231649727e+00 3.074482478294288335e+00 5.030607400128674023e+00 1.149808943151702678e+01 8.762521927037001390e+00 3.369702699607491692e+00 3.929630688697835161e+00 6.137115355356420388e+00 3.168347264146696762e+00
6.492547898029775055e+00 1.211476737731099540e+01 1.169031115788236974e+01 7.956252687464354878e+00 5.636192064699092619e+00 9.070749181498481306e+00 1.101981253360817092e+01 5.217968357934021917e+00 4.712895276754601070e+00 7.875980382383398037e+00 1.051446795220010344e+01 1.156399647589317325e+01 3.903517195933951189e+00 5.283666147455018169e+00 8.372632059197281151e+00 1.163191810803730242e+01 5.825156958431339405e+00 1.128971510732334060e+01 4.193181555751858802e+00
1.144653397024088548e+01 3.418879348970989884e+00 4.658508007592084610e+00 1.148762935658523610e+01 5.797406453088957079e+00 1.182528455377777021e+01 5.299694704418305591e+00 7.609506028228759433e+00 1.150219061382450469e+01 8.503738452934614500e+00 6.137113997452826375e+00 3.727584873069776261e+00 3.567998149829336718e+00 3.863343666968885426e+00 1.167978786602237484e+01 5.255469368695317556e+00 8.477070214069650333e+00 3.250007844613225672e+00 6.966219738202534373e+00
8.004894243564470102e+00 1.222665564346964828e+01 2.993966567148652391e+00 4.732699418944791070e+00 8.902841582201416415e+00 3.765434961521779034e+00 4.064962361869140395e+00 3.972646036556989557e+00 8.151335248979250991e+00 7.750794435308713481e+00 6.894067098002355287e+00 1.049627629523736161e+01 4.689375975937814189e+00 4.297556998916030047e+00 3.590561467444322030e+00 5.947902778426320758e+00 5.308707840080735707e+00 3.921818074191710135e+00 7.679591938108182525e+00
3.408853036698704209e+00 3.848921237982336763e+00 1.223391801549258773e+01 7.525509664401802468e+00 3.856368931113933751e+00 7.857641890999079060e+00 3.388992695876656747e+00 8.356464033165687866e+00 5.353195503887942408e+00 7.587474875132945051e+00 8.075665606892959758e+00 1.193219957839127154e+01 7.706333110348404070e+00 3.454961552702899397e+00 5.612728183111244107e+00 6.348140640138001167e+00 4.629506914894535363e+00 1.204736809062393021e+01 1.104176537480929099e+01
3.103809205567267249e+00 4.158767835375167365e+00 1.161508702059108344e+01 4.354542765580988295e+00 3.749848887877790027e+00 3.675888381813682937e+00 4.176666591580632470e+00 8.028293629808644027e+00 5.383018651030298862e+00 8.105915164446544807e+00 4.408472004551353685e+00 3.033022803775744070e+00 5.252727511784172520e+00 1.125806915505059358e+01 5.434737104772937144e+00 8.748170944997685439e+00 3.644143999182929861e+00 1.131966628899857596e+01 5.956124838521859033e+00
