1.188173066899244290e+00 1.292369532870040638e+00 1.239096433753141824e+00 1.230932354800296391e+00 1.264312802828564841e+00 1.229067753342999447e+00 1.266768380057106125e+00 1.256990336186698753e+00 1.237978028114073537e+00 1.267686509220262714e+00 1.245783344838555129e+00 1.261384246820714816e+00 1.244413163535531774e+00 1.259567944300775899e+00 1.251229158149882226e+00 1.274346670306272467e+00 1.259085732623110188e+00 1.279719207337359554e+00 1.202745250182054804e+00
1.290061583484502394e+00 1.216514818689465871e+00 1.264543056953211675e+00 1.277859214006397126e+00 1.347520268785947550e+00 1.225860258024189520e+00 1.237088074584569375e+00 1.309892964238267510e+00 1.298987805394600237e+00 1.337782849839007415e+00 1.252313743326445517e+00 1.210376394795555921e+00 1.211821686913405749e+00 1.259267702602645311e+00 1.245044889085385798e+00 1.246619377843668275e+00 1.306406417943243525e+00 1.158903066559212158e+00 1.307011691773221740e+00
1.242803191428892395e+00 1.741363252998336275e+00 6.324806520035229918e-01 1.457952644145226184e+00 4.991017269602602835e-01 5.756399211409660710e-01 1.469084407235013101e+00 1.578865800673829867e+00 7.661217136057988375e-01 1.256383724171140637e+00 1.641406645078679949e+00 1.605529465115722809e+00 6.030773806837973483e-01 1.710234567358194901e+00 1.734068090255842076e+00 5.099520623204985004e-01 4.518013579737431562e-01 1.912972727867755074e+00 1.976217480411520455e+00
1.243891160214617209e+00 1.704899020099344353e+00 4.060998063489236198e-01 1.453106835090874682e+00 1.366921715737499765e+00 4.899922030483768176e-01 5.183857815714534301e-01 9.418513698848901550e-01 7.395948235991014474e-01 1.266535595520882795e+00 1.601985302106603948e+00 9.885862479966628369e-01 1.631929862512856433e+00 1.564138240532020108e+00 1.636678025041802265e+00 5.908985091113770904e-01 9.665906032778340817e-01 5.288728402328147782e-01 5.980289551101524159e-01
1.231151407131749975e+00 1.905686345927963599e+00 4.814751011900593181e-01 5.149818153029959156e-01 3.381024769911297190e-01 4.818146352226848617e-01 1.406135624539132989e+00 1.736588387001744005e+00 7.748667162128658470e-01 1.263618921047181987e+00 8.951709994486271027e-01 1.380905398849252563e+00 4.070873536181474073e-01 1.584272696855130835e+00 5.545606156362862249e-01 5.648716735383088050e-01 1.483649135413294573e+00 1.065690499112733836e+00 1.807643192972830715e+00
6.435468705255292798e-01 6.459565263698723303e-01 5.670861803537944335e-01 1.312890908607727170e+00 4.943498140941168240e-01 7.006577425965998529e-01 1.926128465656380406e+00 1.456413213069690293e+00 5.374015083207279719e-01 1.329268257165149292e+00 6.572379743766471050e-01 4.487715711395249829e-01 1.359694587943860222e+00 1.558746647538726160e+00 4.590878970686098071e-01 1.434224186518000321e+00 1.030665040779834785e+00 1.287758545532944110e+00 1.466984443507806102e+00
1.279985332580910518e+00 5.393708373230712283e-01 4.602777906326733226e-01 1.114239457557093749e+00 1.428571239577178131e+00 9.195783178013789971e-01 6.066210685277031445e-01 1.440697661614628977e+00 1.744680652116794572e+00 1.213619989085634288e+00 1.766882633929065527e+00 1.636380491484442867e+00 1.281111897687812640e+00 1.369708009621309008e+00 6.501507631120240216e-01 1.919717098040591319e+00 1.742922418602010470e+00 6.022995108360024163e-01 1.608622150143239393e+00
1.165441605485406651e+00 1.410392474510526517e+00 1.426112494236439154e+00 1.656679574342956984e+00 1.376652473636981844e+00 1.798444880348367692e+00 9.951550818590131353e-01 9.908910279277803879e-01 1.452828622574605211e+00 1.245351856730411821e+00 9.741952383387271208e-01 5.461233928423402384e-01 4.757558806152267783e-01 4.573722676296086420e-01 5.280035153651378987e-01 1.009709632540814583e+00 1.800913357889288857e+00 1.726069868801622054e+00 6.053655429641117136e-01
4.343027564731023471e-01 5.656188382849678398e-01 1.329204778945706211e+00 4.894603647714427241e-01 1.454311550908678585e+00 1.310585555763107202e+00 1.425193668237320299e+00 2.119542477935318470e+00 1.460527630915579689e+00 1.232483922323831527e+00 1.463066257848954832e+00 1.000494660872877528e+00 9.685126247146499390e-01 1.695831218006851770e+00 4.983703788300438142e-01 4.473938585958286418e-01 1.739841596397588619e+00 1.730139786046670292e+00 5.277601752619313080e-01
1.783388166472478442e+00 2.169519589201259979e+00 1.123480911137241467e+00 5.205465872813203054e-01 6.079721732579367321e-01 5.441999074115324575e-01 1.419024172859398636e+00 9.795684345399898740e-01 6.386538517768591827e-01 1.286283360218617222e+00 3.775029976621926409e-01 5.292466920638250194e-01 1.651678619908179213e+00 1.388119033323265361e+00 9.314478502318576103e-01 4.330945671013967102e-01 1.279763584015632061e+00 1.372153403234581015e+00 4.516441642038765969e-01
5.324074515855979906e-01 1.389506295949832326e+00 1.441098003511205983e+00 5.563150018793171503e-01 1.869727756420478393e+00 6.173898796964975011e-01 1.744978376064796999e+00 1.418718499508814013e+00 1.580803847312714394e+00 1.179203259924628489e+00 6.836937793573262256e-01 1.402466160034532283e+00 1.424419180374455696e+00 1.422431604063732813e+00 5.339843382807922811e-01 1.878991654441647396e+00 1.082176158248328024e+00 7.179043227334693800e-01 1.720817967592231268e+00
4.660078491117810029e-01 1.814787544618876591e+00 1.062850211854716953e+00 1.486795742277080556e+00 1.366441663975344500e+00 5.766483842567607931e-01 1.315658075693126650e+00 1.661445450383744360e+00 4.672315057065770105e-01 1.263873270547870797e+00 1.764433782688393126e+00 9.035129411971871694e-01 1.393848045325418950e+00 4.525067740962821494e-01 9.204409698274177432e-01 6.113910578643890759e-01 1.036663452060250457e+00 1.789034724910916196e+00 1.248955869866258173e+00
1.688686626623753684e+00 5.004545183979758338e-01 1.427298327117664467e+00 1.030201848466882897e+00 1.780605595712838385e+00 4.283950457566521042e-01 1.003517797078703033e+00 4.813299731454191432e-01 1.709258303128391443e+00 1.279935815292440715e+00 1.704672663852077497e+00 1.038739768376803596e+00 1.329815293336920945e+00 1.370636836358393840e+00 4.408670936028451504e-01 4.551558900812587294e-01 1.371139307574173571e+00 1.378015898561654629e+00 1.352547888868953274e+00
3.822699408715892755e-01 6.238213660592548671e-01 1.357696164016385376e+00 1.666329566236267157e+00 1.394161143638623201e+00 1.733856452620105459e+00 1.432841539204099401e+00 5.179859092795023878e-01 9.410161098583313954e-01 1.365828307607103387e+00 6.313829332973316388e-01 9.644602207913063330e-01 4.867899912985016453e-01 9.991092828864982511e-01 9.983465344650652717e-01 5.305576934347921991e-01 1.740635756865312800e+00 1.163807286964220422e+00 1.175036728470217229e+00
4.363325188311585889e-01 1.707867768645612738e+00 1.386008863779651268e+00 7.138588579665809952e-01 1.038923561437333998e+00 9.865424295327455129e-01 9.519575509838900107e-01 4.163485300358588104e-01 1.345677044265342959e+00 1.208234208225670514e+00 5.407604437433751743e-01 1.617128324782273197e+00 6.449705840805083357e-01 1.364838916990711359e+00 4.141384299779281575e-01 1.710822278638769456e+00 1.398829365107721712e+00 1.818425229333962667e+00 1.138053923210217810e+00
4.231648671827786257e-01 1.112953314798140303e+00 7.215428002830126530e-01 1.635215321257033505e+00 9.925165874422040568e-01 9.764664952743521420e-01 1.739315522158050076e+00 1.442240999586750005e+00 3.810294577281037598e-01 1.171199656379860343e+00 9.500960538801895838e-01 1.703844306386494978e+00 1.372348484415136349e+00 1.566267562271695946e+00 1.452292701430905053e+00 6.355030167889743620e-01 4.511612835519956954e-01 1.130279773463285231e+00 6.239172534354741062e-01
1.896204002457114290e+00 2.094942078222347792e+00 6.042877787812247492e-01 5.181153390457521324e-01 1.434943471645020008e+00 1.728710189136718700e+00 6.479819998355432764e-01 1.745984233378245820e+00 4.504704675396448144e-01 1.243199090902314730e+00 9.720741351187666135e-01 1.326906484231618055e+00 5.445779694660227710e-01 1.820127379976977933e+00 1.018410358423824214e+00 1.369765677363513179e+00 9.807196563387549082e-01 1.598572117184705377e+00 5.106189376977197103e-01
1.164357020291932887e+00 1.055590082641357341e+00 1.385289955673181916e+00 4.820010588305073118e-01 1.284876385650824737e+00 8.914200489102502845e-01 1.428203438855779828e+00 1.693000919909953383e+00 5.652108506744087935e-01 1.196556738249775043e+00 1.565257951565350636e+00 1.598580023535524530e+00 6.112022816481298415e-01 1.568000348144866551e+00 1.886665115988278574e+00 1.650895922575974950e+00 1.609858224625485779e+00 1.613543165277814495e+00 5.287596630186250923e-01
1.144574873433086726e+00 5.626839042040355787e-01 7.074271050658603732e-01 1.454947933681486116e+00 1.821313147730807547e+00 3.985490412791733439e-01 9.392242214661274957e-01 5.629263594080757827e-01 6.696099843694875986e-01 1.302617342100632625e+00 1.413664807745431018e+00 1.760396268019708055e+00 1.401529868657297229e+00 8.916005075359787480e-01 5.168046135682627940e-01 1.444001982806902840e+00 1.813741468661174361e+00 1.324692770979073231e+00 4.836959888432184052e-01
5.817639251024758762e-01 1.043375658232039926e+00 1.019220642557528977e+00 1.341947335262321239e+00 1.808207156876364019e+00 1.445280238430317610e+00 1.684196697983797231e+00 4.480293331031757198e-01 1.835108450015543902e+00 1.288177989157631487e+00 4.430812786544433557e-01 1.749646821359889914e+00 1.624643748044490632e+00 2.241448537410317243e+00 6.170838952403802091e-01 1.611201788684102576e+00 6.248682440316852826e-01 6.235445952807251446e-01 5.661763687003125156e-01
1.772568811202795969e+00 1.352295330478086921e+00 1.519083112277589409e+00 1.577773647746106178e+00 1.403545796929083211e+00 1.949761727135219225e+00 1.250881573619011755e+00 3.092312445294451706e-01 9.941674010238693571e-01 1.257735424920132017e+00 2.192240363810270320e+00 1.415270081537578939e+00 7.307782913956292203e-01 4.199183073905965458e-01 4.163273599055380969e-01 1.293691934205049021e+00 1.327004864746825330e+00 1.929702012575618131e+00 1.810673994712607593e+00
1.344625114861463855e+00 1.077421903839955286e+00 1.101423446968626596e+00 1.767019532113224267e+00 6.187880583902013454e-01 1.620117046546786010e+00 9.536792793158017645e-01 1.427482170817088836e+00 1.396052224664758645e+00 1.241183286402075092e+00 4.578549848841431680e-01 8.911706357071628171e-01 1.442297019823969073e+00 1.295637433373556302e+00 1.285742239416899801e+00 6.283299138413860341e-01 1.404285596236733324e+00 1.419732820975297072e+00 5.532547354761605529e-01
1.153141276118609504e+00 1.115826326078019681e+00 1.097070468908378782e+00 1.695484200953252474e+00 1.024186340997135014e+00 1.838597327066352038e+00 1.376826326514950294e+00 9.367980480368220952e-01 1.600591238926453608e+00 1.261155420882223765e+00 2.092237368587128277e+00 1.757616004815496069e+00 5.515815285670917500e-01 4.989339522163875884e-01 4.683519370294623174e-01 1.440953942604932037e+00 5.979568536440644788e-01 4.518992845928522240e-01 1.690587535663826246e+00
3.955566097359485833e-01 5.067552601969158577e-01 1.727729476118891716e+00 1.745200000625460435e+00 1.667267454152484785e+00 1.419180546340828908e+00 1.462200481736217972e+00 1.038382177266504502e+00 6.068798449243477666e-01 1.245679305914269897e+00 1.431154969428423351e+00 9.739631368935381950e-01 1.012553475363458189e+00 1.794486697622348581e+00 1.797609419032733857e+00 1.847491780706886466e+00 6.267884223513934261e-01 1.786660818714930654e+00 1.262412699398461013e+00
1.813267479315391340e+00 1.804334124996046285e+00 1.628229684798679910e+00 1.422052917269285066e+00 3.835501534171383842e-01 6.274189608905438309e-01 1.832214705632282170e+00 2.735365790760103111e-01 1.464185118440146205e+00 1.226454194460848246e+00 1.328989829717966753e+00 1.430125695916580231e+00 6.733732000267220741e-01 5.691647707181674010e-01 1.092979393912120178e+00 7.730055111361249232e-01 5.937381671841822639e-01 1.719447219038490182e+00 2.152446598589309534e+00
6.487918952748733536e-01 5.221011319661605921e-01 1.696893435041399778e+00 1.015123624604944430e+00 1.590660267351655222e+00 9.167134965608452202e-01 6.383936035276522869e-01 1.407693986995484758e+00 5.549232203323558599e-01 1.290227899459756467e+00 9.851690096232904592e-01 1.553214939117099069e+00 1.716114163933148529e+00 4.687061931590007502e-01 1.297173389223564177e+00 1.709263669313137113e+00 4.778391267777277740e-01 4.300912120625754453e-01 1.185636237930723258e+00
1.289620110103531836e+00 1.598931379470626357e+00 6.207851053869636315e-01 1.407561007554054111e+00 6.378998471882834087e-01 1.424163344778406559e+00 1.740729124492681690e+00 1.436857694829885457e+00 4.439205645797709154e-01 1.228373879721752937e+00 3.768652145392960562e-01 7.034200169380682155e-01 1.698093344991419729e+00 1.853194606166311598e+00 1.328344580501996219e+00 5.642691388735088243e-01 6.161917959785437882e-01 1.116645892419819486e+00 5.689933589687280469e-01
1.151186718382642749e+00 6.456304486822079802e-01 9.501378339422674735e-01 1.587904067184765955e+00 5.077655645618077696e-01 1.400885885372274320e+00 7.061373052965298491e-01 4.980225878939790740e-01 1.366332562088590441e+00 1.142492680745939237e+00 1.825977449865140656e+00 1.509625612636597003e+00 9.820331678843544632e-01 5.149936245919038980e-01 6.392373254921893677e-01 5.520909211456578314e-01 6.202330634261108422e-01 5.067541439290597083e-01 1.625620115901495577e+00
5.213615379991802801e-01 1.766709131831446955e+00 1.073114970824499359e+00 1.398128073487869827e+00 1.403127808125622211e+00 1.432001350959279051e+00 1.782421556738324586e+00 1.349024284771368931e+00 5.790768003910428119e-01 1.360249518238846100e+00 9.096250626272188722e-01 1.582505976394624980e+00 1.364154220767045844e+00 6.174947615435859571e-01 5.117725289799786026e-01 1.607326675983621556e+00 4.492537630494481959e-01 5.663541672366775304e-01 5.740508633504536329e-01
5.499555670053694056e-01 1.695823506564235084e+00 5.749027696849959845e-01 1.827985052640275443e+00 1.031853578605395505e+00 8.997262056550393572e-01 3.818367993948719730e-01 1.696409408119691209e+00 3.311477027688152774e-01 1.313727766669960273e+00 1.404750505603756805e+00 4.340516264437659921e-01 4.637331142851548460e-01 1.446796324807370970e+00 1.430746197354539451e+00 5.776834299574523657e-01 1.034463177920981636e+00 6.740608561836610724e-01 1.613258674649602931e+00
6.300968044753585406e-01 1.041454529340178015e+00 3.264063178120440445e-01 3.141035675806596039e-01 1.022979324376735333e+00 1.622069190168683006e+00 2.851469698834987465e-01 9.735496763589449598e-01 4.739276350189736142e-01 1.344083518638602204e+00 4.189097908696531869e-01 1.363801579552710974e+00 1.695281566619045721e+00 5.175954545566364695e-01 5.952874704517724380e-01 4.125563130701381809e-01 1.053388723600341859e+00 1.411994424455347064e+00 1.180596238399653330e+00
1.327684378705685564e+00 1.088517889939523142e+00 1.053487054995676298e+00 5.359476518761636665e-01 4.856485560248867683e-01 1.747482026768073959e+00 6.325983212770879272e-01 1.321229476995747332e+00 1.375647697807711234e+00 1.270832669285769212e+00 4.572439170099952266e-01 1.407939473994339608e+00 1.347946454631147706e+00 6.568654833120604053e-01 1.373716919729392583e+00 1.060126438784579461e+00 1.618513735768537076e+00 1.772973357223179391e+00 1.327738800443897027e+00
1.220445137989365492e+00 1.842757306547232021e+00 1.375463779329527236e+00 5.944167519307217429e-01 1.332936747487766249e+00 1.305464344081981531e+00 1.465083694395408198e+00 1.397698183767200453e+00 6.064081296996515213e-01 1.302894253468145802e+00 9.271046020706273927e-01 9.248393179584906143e-01 1.371796393901064892e+00 4.018620334799509752e-01 6.604146683710679921e-01 9.980634982511104036e-01 4.743125046946374823e-01 1.112185025250874482e+00 1.871062713014129519e+00
1.549643047671218410e+00 1.262492997163299435e+00 1.772656446186291257e+00 1.683537488708642282e+00 9.775984470166114715e-01 9.226454138824090601e-01 1.328552988241820110e+00 2.772390192638773398e-01 4.500711382972901742e-01 1.243722631647068200e+00 9.729236413703337139e-01 1.359121953509127012e+00 1.681476004611349495e+00 1.008070149544560978e+00 1.787854503033854625e+00 1.625930494479400856e+00 1.318762066505549502e+00 1.276869220745961320e+00 4.730896210414555769e-01
1.291811245759905358e+00 6.015039931099969150e-01 6.105971837788648493e-01 1.770385572677137587e+00 4.332727773273362115e-01 1.821640141211076536e+00 8.870832337972545112e-01 5.081567342371450247e-01 1.450132904202911854e+00 1.249497960480924208e+00 1.382005219134528673e+00 1.748239373523559292e+00 1.624202618177470692e+00 1.569488880899997163e+00 1.835630860543698395e+00 1.838484596186427344e+00 2.227446890612141850e+00 6.392054851705134544e-01 1.700119147510755990e+00
1.286000612605932458e+00 1.065739456020234455e+00 1.717836151245402121e+00 1.047194363106572990e+00 1.036944335223743741e+00 5.553048483760238963e-01 1.832651898001145252e+00 9.040630261832121040e-01 1.540459677865360977e+00 1.279557351376138685e+00 1.350795948524373458e+00 5.318484832032787102e-01 1.058071322044599194e+00 6.803667000761973727e-01 6.227978470883773765e-01 1.774598933330219230e+00 1.327266155425477434e+00 1.688235442286754484e+00 1.627091925733126221e+00
6.764576653249990690e-01 1.804493848942593237e+00 1.798877755885491148e+00 1.375333846255365255e+00 1.451585268198367640e+00 5.017874764077810967e-01 1.030991048682124323e+00 1.655009741485831354e+00 1.418662551669564786e+00 1.181700058814576515e+00 1.656831754943807411e+00 1.669729079836509644e+00 1.493687843717287800e+00 1.857745234807891554e+00 1.001050061345396758e+00 4.584615424547100471e-01 5.017155472005612182e-01 1.736689526479476386e+00 1.812212065649420278e+00
1.634440356109436721e+00 5.700911270027064770e-01 5.897327925040959373e-01 9.357684778756574229e-01 1.023428142078204761e+00 1.776864053845413460e+00 6.607237400513810144e-01 5.341523266132690573e-01 8.910437313365333623e-01 1.248097167421625242e+00 6.520419853430207136e-01 1.786044763470694630e+00 9.082026469179895756e-01 9.424065884829556650e-01 1.853262791921016950e+00 5.893955688752604560e-01 1.782725751164535133e+00 1.599934656413922518e+00 6.266922023832173227e-01
1.141393822583182116e+00 5.462469434997827555e-01 5.649867966780294237e-01 1.721530418798289830e+00 1.574738306204047866e+00 1.803430224377288393e+00 5.835764512027622475e-01 1.711321827375572147e+00 3.678076099640381624e-01 1.248864152413765582e+00 6.183323446869473106e-01 1.369235146628110522e+00 1.333217794355314512e+00 8.850917247293068613e-01 5.204561931060145419e-01 5.513091418587342529e-01 6.009125068865127650e-01 4.435785291260780916e-01 4.398535991089529973e-01
1.313745907025893001e+00 5.547287285029215420e-01 1.009921580925490225e+00 9.676469882374275633e-01 1.437742145567106888e+00 1.765850949732199249e+00 6.648723750524286880e-01 6.228641710599420733e-01 1.366367064792167962e+00 1.258612584459411821e+00 9.401519748202221693e-01 5.205543455689228827e-01 9.597639934213822999e-01 9.075726874933539579e-01 1.414173826375195731e+00 1.696535529033981859e+00 5.005111025491418841e-01 6.397421003318319865e-01 1.752412849152506613e+00
1.318239280487071508e+00 1.360047225341898036e+00 9.440320694661119560e-01 1.651124816437822718e+00 6.594042478773829430e-01 1.820234279068940308e+00 9.189980633561577461e-01 1.733652188847525366e+00 1.680210415220401599e+00 1.286721453328106390e+00 1.386137684582429808e+00 1.670578663293748711e+00 9.624008489118685006e-01 5.686416649350397590e-01 5.979240290384039147e-01 1.057481187707524528e+00 6.429689531942479608e-01 4.624797529599553592e-01 4.861137453297096900e-01
1.175974733763314184e+00 5.886945361008276700e-01 6.238917023671608497e-01 7.655774065722532606e-01 1.368760605271769570e+00 4.369452061561283629e-01 8.596981328865256344e-01 1.452046177297448670e+00 1.690530803034264951e+00 1.239510085970659148e+00 7.091988319583693023e-01 1.637529440373768574e+00 3.772933840805561267e-01 4.965251529102273631e-01 4.231766829572830568e-01 1.333726212907325070e+00 5.132349472469008855e-01 6.769039705597111878e-01 4.070497518097780931e-01
1.627908890808736020e+00 1.300349648434309557e+00 2.632414813473770709e-01 8.178673660168832571e-01 3.964413769926782294e-01 1.444805640630611343e+00 9.681287287129985986e-01 1.522100993751209330e+00 1.710304131800833849e+00 1.259987852230020744e+00 1.734821950402719581e+00 3.554237523244598851e-01 1.062714948033640194e+00 9.513376071420591717e-01 6.885534432271153138e-01 3.530503944816128503e-01 1.047455676048535178e+00 1.692355726455174736e+00 4.601380893578452258e-01
1.354490601941420236e+00 1.396051843737130760e+00 1.386061753966174148e+00 5.023677570258311409e-01 9.603477065097721921e-01 1.005598775181686166e+00 8.677214686408282196e-01 8.835174187090403253e-01 4.423373901628079863e-01 1.291318252528425470e+00 4.382799646594527920e-01 1.346823079859344574e+00 8.010166360283879072e-01 8.912746548406822455e-01 1.456898137906245116e+00 1.359073002987837731e+00 1.094993768754380259e+00 5.162879169815364211e-01 4.757543930451738068e-01
1.297634735043446508e+00 1.372552289549848759e+00 1.401840896171744566e+00 4.947715059554923522e-01 9.995462486344439679e-01 1.400674050142680871e+00 1.691056104836720309e+00 9.315365993899690222e-01 1.691998509845011212e+00 1.213878168173737393e+00 5.764079731775764159e-01 1.354727113665418869e+00 5.511472788371030163e-01 1.331747935040969555e+00 1.737613499718128063e+00 1.368894221517857224e+00 5.331646287882644275e-01 6.711758832500405170e-01 1.113613669838184883e+00
5.847718829112668049e-01 1.810179334024104802e+00 4.734107328565705375e-01 1.673627594463297230e+00 1.362655899942304183e+00 9.474700378245601851e-01 1.385673027243520261e+00 4.562732781640182478e-01 6.126123367503706341e-01 1.198015823233866017e+00 9.034295583730791446e-01 1.377492925371776478e+00 1.418011179800725330e+00 3.096853929856890897e-01 1.872854286670262880e+00 6.048282798239212887e-01 5.041624945518056178e-01 1.593510665225669864e+00 5.789171749611295992e-01
1.343730911634605452e+00 1.833066951988465698e+00 1.637397410359364258e+00 1.285786442106085614e+00 5.322211213077567837e-01 6.061033765970161857e-01 9.179304302786691627e-01 1.660238616479822626e+00 5.281172096801788340e-01 1.140596756993635941e+00 1.427903764824521415e+00 5.758847543489916676e-01 4.063393761555337824e-01 6.233350571517521921e-01 1.350735673656519031e+00 1.099726662000075406e+00 7.161623159838625963e-01 1.025547956049011722e+00 1.129622223499693989e+00
1.126303825788877333e+00 1.846342201335891442e+00 1.581163516926123558e+00 1.360536997781560009e+00 1.420892850998327850e+00 4.870544004345225830e-01 5.438341611011940913e-01 1.706304575895199349e+00 3.901459875565743696e-01 1.271183014078155704e+00 1.331458793257531248e+00 1.414373918957225751e+00 9.612205390903927338e-01 5.896302431942217481e-01 6.381825497795401425e-01 1.040916746940157678e+00 5.895727453835130083e-01 3.289507909106879624e-01 1.906610007509194071e+00
1.203243518042355520e+00 1.803150139470494517e+00 1.750148582874813785e+00 1.751455264945369406e+00 1.486924397525733132e+00 4.351095176797917241e-01 8.115787974428145812e-01 6.229355410874048982e-01 1.407764571757257333e+00 1.284809293963212529e+00 1.397366970220428994e+00 9.617645648399746339e-01 1.628469211150050056e+00 4.089786058837817095e-01 5.082271128480543299e-01 9.673052444326697419e-01 1.730193742819561065e+00 1.337543383736964797e+00 1.614857643148690292e+00
1.365937781391850070e+00 1.031470348898481992e+00 1.667575543188611009e+00 1.790814071670480123e+00 6.382653556112725113e-01 8.955502005988232872e-01 1.708334687760789006e+00 6.521962897648495572e-01 9.558203123722806005e-01 1.309277535543868387e+00 1.374116472938134326e+00 8.413898547068779932e-01 1.497623196689123137e+00 5.907911845197927336e-01 9.606037567432763602e-01 1.494189479814125976e+00 1.391844499015106207e+00 1.291404703644474239e+00 1.699598925743990296e+00
1.734642830063690466e+00 1.058159135965681230e+00 1.775190902596551989e+00 9.812685438788741887e-01 1.354576419564701206e+00 8.739623160215734821e-01 1.718217694483059610e+00 1.642466543068422657e+00 1.589271957011459513e+00 1.231081800383077907e+00 1.327764712293446170e+00 3.809253840881738351e-01 9.327499428975555285e-01 1.818546856951800850e+00 9.497230049866692836e-01 1.431046616058868404e+00 1.343599608547491719e+00 1.369634248967017243e+00 1.159363401928359405e+00
1.541461625262126267e+00 5.083622868390799132e-01 1.637926311978534999e+00 1.474806717049377269e+00 1.451590346433158762e+00 1.417464944791068548e+00 1.525594630307694155e+00 9.259294849953770834e-01 1.414550038402491161e+00 1.337983789372534371e+00 1.243378397392920442e+00 5.402208484188117943e-01 1.615206673362440615e+00 1.839712216419199686e+00 6.563033069894138594e-01 5.420317389789232054e-01 1.736616371338795650e+00 1.168911283991911354e+00 6.440690331928067280e-01
1.141603061662128882e+00 1.351714920795454633e+00 5.123899797749528195e-01 1.684527646002646595e+00 5.288092151388041895e-01 1.326168549665488916e+00 1.849149656787207885e+00 1.335270785157520068e+00 1.430101095799016786e+00 1.341534673196439931e+00 1.471184330762089987e+00 1.559445024173890415e+00 6.175068651962557498e-01 4.574669572994015665e-01 9.797264558879759111e-01 1.740051900974765031e+00 1.330856363172329582e+00 1.590579311632479120e+00 1.149785866768308740e+00
1.171895060203071992e+00 1.109397675207718370e+00 5.412813941404585050e-01 1.831943609663107209e+00 7.620810375151574334e-01 1.619375136181778752e+00 1.469279263150400139e+00 1.695242216545324476e+00 1.413221163260111934e+00 1.215958451197258317e+00 6.225100948802455569e-01 9.517302235497095975e-01 5.668596357990693946e-01 1.732417497530744033e+00 9.703888415754819974e-01 5.296590135809521316e-01 2.126375098219913440e+00 1.376833445913218545e+00 1.347749008956639960e+00
1.828954085265423357e+00 1.681524841676430571e+00 1.809953522618848121e+00 9.415432063855575517e-01 6.060005258538792017e-01 9.375979961828696529e-01 1.009444183196862577e+00 9.242090854030086122e-01 5.557378501556882178e-01 1.290740508241752016e+00 1.797469523992473839e+00 1.721808260312574612e+00 6.030668196393142999e-01 5.678236302782928568e-01 1.358367571209216251e+00 4.387386152850814014e-01 5.317636705716773937e-01 1.686789217842026289e+00 1.343286065404590390e+00
1.893940727547718250e+00 1.105720543423890589e+00 1.784470013245145648e+00 6.133212388593664022e-01 5.056610686900163687e-01 1.262852551759896746e+00 5.642406265939584609e-01 2.782592638011879838e-01 1.701987822656019667e+00 1.199957871802806553e+00 9.358358813727706282e-01 9.200755822476709422e-01 6.135007211476085631e-01 4.418558512753087419e-01 5.218750770026922003e-01 5.273494627243904276e-01 1.441874214187907732e+00 1.177654623397004663e+00 1.984304909837226738e+00
1.134897156562830967e+00 1.055335572329717531e+00 1.804084604106650502e+00 1.311069460320051006e+00 9.323711970835530938e-01 4.582503228112797533e-01 8.640265978709136263e-01 9.516333038571140879e-01 9.258944426171792363e-01 1.249258598143583532e+00 5.071875066440407753e-01 9.040474992988369873e-01 1.678785969231831210e+00 6.517442400272883685e-01 1.380864803988549605e+00 7.412238736925763627e-01 1.401644789968103044e+00 1.361581950985869760e+00 1.708512552889114300e+00
2.093445717435056252e+00 1.067134843157172330e+00 1.711925780455677115e+00 6.349098960684343984e-01 1.654702090119930302e+00 1.565138619680444876e+00 4.866240419196760092e-01 9.587987557367809721e-01 1.557367748310170219e+00 1.190038533195827863e+00 8.693601567779251083e-01 4.893825909091141235e-01 2.975904464849707942e-01 1.422663786307177158e+00 4.758160534269577080e-01 1.699150624775207064e+00 1.419554927374735875e+00 5.843903729126059821e-01 1.206297885866044473e+00
1.104022224244839423e+00 1.303459116952748298e+00 1.492732098515493044e+00 1.419511668153507822e+00 1.405041341681761757e+00 1.408884566531065197e+00 1.641481704190507873e+00 1.757249949294315883e+00 5.442109666187000538e-01 1.205187564775545450e+00 9.393391808597396642e-01 6.792679661053876439e-01 1.704316049345867556e+00 1.738026466315099938e+00 4.974508667617192348e-01 4.176416070884577669e-01 5.030854291509255782e-01 1.808004155671128821e+00 1.151474710160190984e+00
6.232130205295363101e-01 1.819194555169076910e+00 1.775119455431470428e+00 1.117464950555038472e+00 4.733210902778547391e-01 3.734126747606881791e-01 3.797825880645279151e-01 1.345582724859776036e+00 9.275314907766603056e-01 1.248177251989361913e+00 4.490114957018159769e-01 1.448915442131516906e+00 5.352328383773302667e-01 1.366388961171652205e+00 9.191395719939090547e-01 4.860863232380078225e-01 1.006380384627823643e+00 1.585192667885011231e+00 6.318947698521575340e-01
1.787826675504987639e+00 1.963612794972852571e+00 4.641347378181631678e-01 1.735244371289204057e+00 8.897865888022726821e-01 1.559704484168479066e+00 9.149133895500357605e-01 1.575471319958732241e+00 1.426255335856381423e+00 1.239548317618536899e+00 1.873403545785822466e+00 9.714894077507764125e-01 1.461003742988241427e+00 5.029415033191325657e-01 4.537795881967227052e-01 1.453146821024610125e+00 1.049565029885373368e+00 1.393183449493422543e+00 1.897513172853512176e+00
3.856562739996735600e-01 1.671665682492544436e+00 5.791939824677849735e-01 5.062798066027947019e-01 9.746038935026222205e-01 1.350713894134328630e+00 1.314110919614961182e+00 1.449170287807084678e+00 1.713962173007319567e+00 1.271826873367386312e+00 8.729465244334839724e-01 1.705183180372838336e+00 1.396648834104285086e+00 5.541322273852259395e-01 9.101813282787066806e-01 1.824539675248313841e+00 1.735898160443925420e+00 1.150456410704494781e+00 6.737558923892643659e-01
1.145181213688984734e+00 1.949438886235944413e+00 1.016708642908191962e+00 5.390055232512439565e-01 1.746478555701506563e+00 5.180245669994943958e-01 1.814766899324172789e+00 4.907487273802691452e-01 5.584608730922986375e-01 1.243778777883072229e+00 5.287415781499757994e-01 6.225599375597472562e-01 9.905523020671449519e-01 1.361448432833624711e+00 4.190877730622264430e-01 1.071263288433956351e+00 1.004848234233090665e+00 5.177999531061346916e-01 1.684028828583675974e+00
1.320747193321282653e+00 1.111185016473989817e+00 9.975839761198393996e-01 1.448024634347657713e+00 9.569567082759234955e-01 1.743637483895937201e+00 1.622201967543837942e+00 1.388316206548195764e+00 1.782752738657666480e+00 1.326895787065857979e+00 6.306914235445579830e-01 9.175722530198389126e-01 6.264155875273735852e-01 1.039665668050283820e+00 4.089615580106046311e-01 1.415803451549395797e+00 5.743734969838450999e-01 1.611001561885141653e+00 1.918016723990029426e+00
4.616162505540380989e-01 1.395642306965652057e+00 1.302294630198540526e+00 1.825645830055902641e+00 1.404960640623680757e+00 9.800039332574106421e-01 4.791395297333719827e-01 1.503902913818643494e+00 4.087484779263133028e-01 1.224529410430259757e+00 4.826790729629939491e-01 5.872793591138724123e-01 1.649286462594674596e+00 6.107546905490975897e-01 6.621785572475158421e-01 3.421469407544035501e-01 1.058666482601277492e+00 5.030442889652482208e-01 1.575234183936358834e+00
1.737365037242679877e+00 3.546154689403485660e-01 1.444692968214006168e+00 1.080654812246471863e+00 1.394712818803123033e+00 4.773406384248283785e-01 6.734479389022137719e-01 6.184023086116107182e-01 8.875873484639443811e-01 1.228689491888794283e+00 9.293190471095649219e-01 1.320260094567736742e+00 1.622303349111187565e+00 5.642832128298594929e-01 1.842862985221851657e+00 4.328704207008954863e-01 6.869046246258908583e-01 1.717081979051000129e+00 1.291291823773673686e+00
7.943108407863505027e-01 4.236446996897967332e-01 1.656877382677074628e+00 1.469572532157341405e+00 4.009573634284331889e-01 9.470418907416304766e-01 1.482148887715559749e+00 1.712558478173755061e+00 1.360044238958189045e+00 1.296513736625200197e+00 1.417488265992786767e+00 1.712596242600445073e+00 1.816131689915547520e+00 6.862430393737821710e-01 9.209218717539866539e-01 9.995475355682873486e-01 1.113026659574980259e+00 5.486593770460128638e-01 1.127196291652926119e+00
4.547318432064455518e-01 1.639165234221308998e+00 6.073723785289319999e-01 1.848207129015243533e+00 5.874471918794217373e-01 5.348058084878927199e-01 8.525358813656311874e-01 1.715325650138368019e+00 1.283951450248465243e+00 1.274129930767479824e+00 1.790012133064454058e+00 5.714848337270075351e-01 4.399350091010771346e-01 4.607528283902223021e-01 1.417682281473541916e+00 1.792074052238323612e+00 1.353893765350803635e+00 1.781096668395669935e+00 5.221932269674172122e-01
1.337942970285702637e+00 5.779690233806711319e-01 1.345635651330603144e+00 1.405118869259688985e+00 1.474038872970462988e+00 1.543867472737097346e+00 1.398033861303001446e+00 1.813438270798680030e+00 1.063205855487977969e+00 1.194100759427017877e+00 1.814798269400578423e+00 1.407115387334915368e+00 7.077394278852311427e-01 4.220933232429337489e-01 1.543926005740925644e+00 1.704430716929534073e+00 1.717707215900649897e+00 1.378368318372636958e+00 3.585722232442052904e-01
1.259158694514201704e+00 1.741353640694346616e+00 1.370972098228995240e+00 9.217513609343591652e-01 7.888241162445783772e-01 1.640191994451498880e+00 1.480239494907742870e+00 1.769021984056154739e+00 1.623626194345784368e+00 1.249890204773017377e+00 6.312164437415037632e-01 1.835380636777598440e+00 5.166564198067056246e-01 1.406377064959483780e+00 4.553113515954912427e-01 5.684020053350576918e-01 1.678192648717508728e+00 1.424372397807109003e+00 1.742480839783513646e+00
4.943812711699880347e-01 1.859468326224988255e+00 1.742836866815717922e+00 1.375761819569677469e+00 1.371640661927380656e+00 4.995779882564330698e-01 1.449888993642539425e+00 8.698062632513241521e-01 1.753212539622383215e+00 1.240214165686409187e+00 1.600964015336961976e+00 1.425528059788298663e+00 6.594382935077534036e-01 9.237828348181144067e-01 5.107243826222948035e-01 1.378180740639116664e+00 1.799843852966357405e+00 4.972139457321481659e-01 1.703858915925082096e+00
5.869188642085101382e-01 6.896480638310334976e-01 1.610075911970736628e+00 1.858012698183922895e+00 2.615148629407592074e-01 1.509121186262068148e+00 1.374034030212723190e+00 9.084392975531033754e-01 1.397743750814316899e+00 1.294365136614865186e+00 1.451224162392691586e+00 1.803425414452055398e+00 1.653211397681870753e+00 3.862036066071609652e-01 1.433618971695371558e+00 1.474301942549318234e+00 1.745260277827662021e+00 1.836548235113733663e+00 1.767187114397617220e+00
1.742142653811204589e+00 1.889114665538970117e+00 1.789198822301704572e+00 5.213172867060025251e-01 1.417454628695649754e+00 7.324338697803740583e-01 1.383691611903025143e+00 9.195803940792975917e-01 4.353092056353686234e-01 1.334617874395039427e+00 1.338436613439740963e+00 8.314367650711728119e-01 9.034984592380781443e-01 1.655226578309584085e+00 1.354028285953171373e+00 1.608687440507169608e+00 1.756533173538414871e+00 1.767202788826860660e+00 1.193462064551725321e+00
6.684510517461077495e-01 1.834291541124908775e+00 1.749513790369751520e+00 9.830846883835441252e-01 1.321101256428744986e+00 1.816286638145633292e+00 6.159616424803240342e-01 9.850906218943575876e-01 1.456621805335000630e+00 1.281966876237560671e+00 6.325860964322046476e-01 2.860050258352322405e-01 1.450207504293995475e+00 1.561545312736580593e+00 1.680114504370791906e+00 1.431647597489652091e+00 1.819929719771471444e+00 1.417751445229580076e+00 1.336425961124635409e+00
1.197952006664144253e+00 1.805815870020435199e+00 6.137268266295129449e-01 6.642208299458634002e-01 6.284166182495001252e-01 1.682375106417883570e+00 9.001489174175478780e-01 1.532062563963694890e+00 1.672061323904985741e+00 1.200513355109029234e+00 4.944903556390792265e-01 1.395675868928176744e+00 1.873104398872618370e+00 5.957880353573719034e-01 1.857459163934990443e+00 1.086572855435178120e+00 1.806051047887164973e+00 6.493535257593631149e-01 4.348062634530039938e-01
1.258527413352488189e+00 6.733219987605794099e-01 1.408099371291902990e+00 1.368811560701524321e+00 1.392406808705645149e+00 1.443850825890496736e+00 9.259105902354431983e-01 1.249968026158372325e+00 9.496865491922141800e-01 1.190689427696311364e+00 1.225297088614119900e+00 3.819219243507766537e-01 7.367293227607905060e-01 1.567678160535150633e+00 1.761158568967751359e+00 4.021955037189749449e-01 1.090298573678193383e+00 1.625426250951702345e+00 1.321938075034148286e+00
1.499544190869719573e+00 1.098923894575779547e+00 1.362750808136109937e+00 1.790257550913256557e+00 1.412922262460996725e+00 8.934055540767790182e-01 1.639450144366544793e+00 1.645870473170452764e+00 1.364539335357899841e+00 1.350379953586089421e+00 2.004140828663376617e+00 9.792243478854099070e-01 6.806711662298274845e-01 4.300249367855260574e-01 4.524508383748854223e-01 5.570169555484533186e-01 1.420240026925777554e+00 1.648030958374997690e+00 1.202859021108688253e+00
3.592447398906758460e-01 1.407332407386956197e+00 1.033683575296846735e+00 4.909379348401710086e-01 6.279268477276832572e-01 4.886227448380317528e-01 1.772375099744524896e+00 6.538861054767338699e-01 7.070677240206403313e-01 1.165450778799102416e+00 2.130644397499767084e+00 8.735305353526782168e-01 1.732959919852528285e+00 1.480535814069390055e+00 4.874869566798826770e-01 1.681711782637679953e+00 5.905872208910435406e-01 6.999386670577844027e-01 1.193340344650187346e+00
5.049725761017999082e-01 5.289168398538557359e-01 1.086940559691238928e+00 1.352618064993178049e+00 1.885714899370622311e+00 5.589908066109378071e-01 1.358584962367410442e+00 9.175735787312548908e-01 7.691599802492394833e-01 1.364515660491480320e+00 8.938322147457631317e-01 1.745098433094432799e+00 5.496733118804294493e-01 5.037380458796806293e-01 1.079227825751681635e+00 1.678598624166058206e+00 1.699081717901190558e+00 5.528472913610857908e-01 1.353530771980367087e+00
1.832305003022755452e+00 4.427495789451746933e-01 1.528592972424811514e+00 3.155869893719810970e-01 1.403933388539476024e+00 9.041538740008701058e-01 8.651336152439543792e-01 6.086124031864751371e-01 1.814156984890618718e+00 1.221119132758742509e+00 7.056294415700666844e-01 4.118799906039293801e-01 4.986169929654793442e-01 1.584332052107024102e+00 1.428839913722241839e+00 6.224808652770141837e-01 1.673006949666434817e+00 1.734156637243659871e+00 5.941150378571705692e-01
1.771847890352389321e+00 1.766561538937769127e+00 1.776053254269605253e+00 1.864953541027070560e+00 8.910509849430989782e-01 1.008884622905422690e+00 1.775126887737767056e+00 1.395693300512105051e+00 9.566060618202477661e-01 1.238890679419821783e+00 5.944992146194585381e-01 9.988787239396629269e-01 1.377547168534720701e+00 9.738653098241677464e-01 9.663935302394489613e-01 1.717288882806264461e+00 1.971104046179930513e+00 7.130650622736693922e-01 1.460933674318984909e+00
4.899596541322708276e-01 1.730131597166550961e+00 7.361013029684250197e-01 5.505253551158802994e-01 1.482529287202135393e+00 4.222616583073652285e-01 1.706846077155975472e+00 1.789902108529850988e+00 1.341150967123668769e+00 1.223936993681808749e+00 1.411669790182197737e+00 1.373065487811627294e+00 6.275328360481930989e-01 1.779454086934868728e+00 4.008393686809990641e-01 1.746909884140437574e+00 1.708143756889410669e+00 1.608494387147280991e+00 4.724665345641061442e-01
6.175372415965039163e-01 1.857857236232903331e+00 6.584155555950111927e-01 2.810380084271644208e-01 9.312994041604107931e-01 5.050445126703081433e-01 1.538270390009055077e+00 1.329250117007686471e+00 1.690819496281598555e+00 1.292984280777962125e+00 1.317871855017568761e+00 1.339498013741083460e+00 3.062309663741111798e-01 4.341938542657588496e-01 1.433143638460641300e+00 4.219942010763433893e-01 1.378191199185978766e+00 1.630758158285713577e+00 5.734979941501908707e-01
1.799548725485230483e+00 1.338625393410167508e+00 1.594727781270739886e+00 1.414438792376872644e+00 1.687198422493730199e+00 1.601618478232012865e+00 1.439707121774097320e+00 5.123860954944801094e-01 8.610844680210938407e-01 1.213318729738709578e+00 1.758701518115922902e+00 5.942432839277967949e-01 4.534329004222606985e-01 1.369804398133041667e+00 6.483316318327745353e-01 6.611394260005518664e-01 1.329838453082541117e+00 1.616928545447210652e+00 5.804707013226433343e-01
1.638093905330682221e+00 5.142564858887470614e-01 6.086710255807478154e-01 1.078287390406628576e+00 1.289006279539883115e+00 1.633222007398859255e+00 1.533801096482989346e+00 1.398979673151064862e+00 1.314597330691273269e+00 1.200959045422935523e+00 1.742146423214555595e+00 1.355986904054387043e+00 3.936008693948847559e-01 9.855420034171887833e-01 8.528571654916780043e-01 1.664310580010256446e+00 1.675856640843100154e+00 1.524434907426310382e+00 5.246596898535292874e-01
1.170086192896752753e+00 1.345338952471845317e+00 1.743733397210098790e+00 5.048934966517697465e-01 4.896930822860441346e-01 1.831983093722815203e+00 1.705120123140939636e+00 4.853967860279538304e-01 4.449883550792236298e-01 1.269226055496762706e+00 5.696404554045031432e-01 5.928276551882846190e-01 1.461618084612346991e+00 7.575390987636646534e-01 9.816962667629713923e-01 5.481530375502035035e-01 1.750887911362752014e+00 4.196160008635496097e-01 1.643291010545463227e+00
1.193905268089443084e+00 1.626427852816642705e+00 4.955647594180926929e-01 5.281001530307661840e-01 1.736522969747578804e+00 1.422447065162987467e+00 1.350204098986062196e+00 1.361857222117323518e+00 5.872642083216764730e-01 1.255446418200836023e+00 1.774793440036820158e+00 1.399140798614739944e+00 8.760985484432780579e-01 5.663498516811811268e-01 4.703468855970796558e-01 1.378298940298482655e+00 4.605092124507839113e-01 1.772778617311580041e+00 1.750704346136770395e+00
1.787317305130331713e+00 1.809555888540156143e+00 1.450615067435101047e+00 1.742785225554167594e+00 9.548416683641540725e-01 2.180190787931415020e-01 1.285826438028304874e+00 9.038865333854674278e-01 1.608515081292939186e+00 1.279706147625200963e+00 4.213426948981673914e-01 8.869917372803360900e-01 1.814198578842755483e+00 1.669623548537290780e+00 1.640151756726349497e+00 3.531692421936672432e-01 1.705920848983307536e+00 5.291422249785441290e-01 1.798901153259722108e+00
4.488812073280657455e-01 4.773466222120283375e-01 1.760889379189878312e+00 5.665019850675752089e-01 1.286915948553147837e+00 9.775974143055874421e-01 4.739564229037718790e-01 1.014654761959585150e+00 1.707469875637645629e+00 1.252048685815101869e+00 1.340760398191427782e+00 1.857314309894563475e+00 1.528193738559171733e+00 1.502651253814241361e+00 3.110301739455428316e-01 1.364190874789284802e+00 1.509584364042038107e+00 1.037997435070672214e+00 1.634888566224887319e+00
1.361353620637678841e+00 4.329265819946473415e-01 6.960462614116527114e-01 6.653309070601491904e-01 9.961015096785676981e-01 1.689528286631008624e+00 9.639958932921947055e-01 9.384758150603128568e-01 1.659250115593718267e+00 1.172903165712922524e+00 1.451837474749903656e+00 5.849679872062260033e-01 1.318336837049868926e+00 4.961535560840558690e-01 1.755163347687737962e+00 5.381866830776739219e-01 3.617470994965640840e-01 1.398435762808548422e+00 1.325439068639672646e+00
3.599079107414061007e-01 5.694441071623419504e-01 1.767405645362847944e+00 1.799658790685408905e+00 1.401919959929481374e+00 5.859622250224445494e-01 1.778280931044140090e+00 5.162939219424500514e-01 4.375192662846159597e-01 1.252061175686812744e+00 1.350840315861741248e+00 1.809093879232254176e+00 1.439439302863650738e+00 4.947427757008696636e-01 1.015108782528716169e+00 5.452886947315956911e-01 1.394202002424452136e+00 1.407124029323813419e+00 1.204912357540113499e+00
1.359097230023490477e+00 1.781767768875182512e+00 1.810569560043630011e+00 6.823343697749012504e-01 1.342468165928085488e+00 1.690208705484357976e+00 1.388968865059291513e+00 4.654611470855610222e-01 9.148239354547432756e-01 1.271497029872889595e+00 1.448532326885318966e+00 4.882624776144427470e-01 1.882551710758590069e+00 9.421035310491818748e-01 1.077053267103946332e+00 1.477644605049616811e+00 1.932366060043495759e+00 1.374331642697423916e+00 1.268620623927955160e+00
4.894231245097417915e-01 1.859474044487263056e+00 1.649423348205311113e+00 1.756600729709068665e+00 1.399059020398931708e+00 9.201964608907164944e-01 1.005557925031831612e+00 8.718268504826459653e-01 5.635349568004756060e-01 1.282719509097511423e+00 5.957936580120754000e-01 1.412155417556978820e+00 1.811079155117984341e+00 1.823001152545233872e+00 1.779539562535344732e+00 1.028033168288524646e+00 1.743047467274472684e+00 1.039173949952799214e+00 1.173216884577048980e+00
1.842389549304189522e+00 1.563110627188814661e+00 1.011024010337210122e+00 1.808197560745678389e+00 1.707861527009280955e+00 9.388775003665207342e-01 1.700294441543374724e+00 1.426513028957104190e+00 1.456820390182006042e+00 1.229387566054459979e+00 1.422346960859098619e+00 1.345100640542050252e+00 1.326298025650131551e+00 4.297598531428888369e-01 1.534249791630616588e+00 1.807697344360520209e+00 1.401423084056667490e+00 1.862033555393133089e+00 5.136164454920916222e-01
1.622167796425658670e+00 1.765511301414770307e+00 1.060426017286070666e+00 9.868782018568315051e-01 1.481577928711867775e+00 9.755242466147869829e-01 1.406209409937637433e+00 1.655959837636822751e+00 1.339653822630633373e+00 1.162892132822353375e+00 1.381309935211238793e+00 6.035032228604021443e-01 8.768479414886957146e-01 1.743908107179907185e+00 1.344050467150372130e+00 5.908874799204927308e-01 6.034944602525106339e-01 1.067592632000603947e+00 5.051827547742231417e-01
1.117063358152383001e+00 1.719543445429516204e+00 1.627066462322014795e+00 1.413380723633596681e+00 9.660189418300723085e-01 1.297984495925039727e+00 1.651328204823899082e+00 8.965943296030163268e-01 9.432379504217626165e-01 1.239959334218287967e+00 1.564376608076613273e+00 1.856937176889566610e+00 5.939061432691404852e-01 9.866891180743663226e-01 1.371752561669548065e+00 1.729221891003536848e+00 9.835994625723177842e-01 1.593910803419265054e+00 5.614811800919294882e-01
1.941618403040073604e+00 5.307341466730198798e-01 6.881206202680492101e-01 1.812344345440645155e+00 9.250148721602091673e-01 1.558150314490147403e+00 1.007181832271880628e+00 1.348433192737547692e+00 1.566702782173280850e+00 1.193942791421463756e+00 1.382304057366084304e+00 6.047859494018357207e-01 4.403668814180646818e-01 5.539784596538724903e-01 1.786488894265594540e+00 9.731345380138738399e-01 1.426519616493821419e+00 6.695560600545260588e-01 1.222063508102967822e+00
1.335555151314009370e+00 1.711149996035096210e+00 4.979083879852829742e-01 9.785154391987210820e-01 1.409602412233930346e+00 4.605744732074169012e-01 5.649793972759108440e-01 4.926576343159656535e-01 1.388147179871167758e+00 1.239989204418733282e+00 1.490918730055479147e+00 1.788630473203452143e+00 5.335993439201912603e-01 9.954800617501735616e-01 6.114157807137511336e-01 1.052205089656096160e+00 1.055577048784988703e+00 5.733808829320123923e-01 1.341083774764119552e+00
4.320059364554617032e-01 5.548032113270902066e-01 1.582430634852750151e+00 1.397303597805225950e+00 3.188115167649507309e-01 1.304141702546178339e+00 5.610000789145339617e-01 1.370515388675804580e+00 8.257748087755725219e-01 1.311148259336991417e+00 1.536072128565445949e+00 1.701420966218999187e+00 1.337004762054353035e+00 6.139637603879803951e-01 1.005218464020210423e+00 1.057223841637691342e+00 1.000296038753228922e+00 1.844152433316184281e+00 1.684316258747996953e+00
4.160146726267521244e-01 5.700173083227682014e-01 1.736001541986829544e+00 9.980999600257155491e-01 5.750110800576003767e-01 1.081772248629893962e+00 6.638882546277414809e-01 1.388929282674499666e+00 8.657092134226651581e-01 1.286323208185876643e+00 9.271901289790167588e-01 5.909152894830619340e-01 8.887317896961709485e-01 1.505761112028520143e+00 1.057602912872423140e+00 1.446754901462005138e+00 5.577753296886495127e-01 1.816028484149958322e+00 1.326196178929212266e+00
