3.012975123640905473e+00 2.710191060815714703e+00 3.476833502754143268e+00 3.122359386963357242e+00 4.023595178142635120e+00 2.156558542805628864e+00 2.453776964580135278e+00 2.894406556651044404e+00 2.287226523751931584e+00 3.613921966162568999e+00 3.492180320503321944e+00 2.834075767725930728e+00 3.061649907736130327e+00 2.345996344812162349e+00 3.157007011230381188e+00 2.952421287716718190e+00 3.542039393158995075e+00 3.260303577590486945e+00 2.610973600832318109e+00
3.497933341830490761e+00 3.051001407485665506e+00 3.108671416558777434e+00 2.621573837496516290e+00 2.254573318622370870e+00 2.824094241419449869e+00 3.463638116172330861e+00 2.077000053999996876e+00 2.989333303958683796e+00 2.984565955103475776e+00 2.153562381739175802e+00 2.745008172730864615e+00 2.735637124774056073e+00 2.874260244653942920e+00 2.548922579454264259e+00 2.819497644798088842e+00 2.958950871053165343e+00 2.742245006533168716e+00 2.458986969264404632e+00
3.319546532644257031e+00 2.787547741294737147e+00 1.184306645800571545e+00 4.026311551082545570e+00 1.519911230218945919e+00 1.670142928059889398e+00 4.451562633830442373e+00 3.701904788612168318e+00 2.601134437623319862e+00 3.138004041030723279e+00 3.416524143981466644e+00 2.445220071658062100e+00 2.045264828931078416e+00 2.811441651959220689e+00 3.603258652474612855e+00 1.986282554504070097e+00 1.413136735351650852e+00 3.282792427284864090e+00 2.714261014241706516e+00
3.728076458366578194e+00 3.111824104851372841e+00 1.827701427912427290e+00 4.007512109195305428e+00 3.063786113379106002e+00 1.294970416190257989e+00 1.306765129411899817e+00 2.956815358894699930e+00 2.655195397929688728e+00 3.194724713975735320e+00 3.669865006165091259e+00 2.730318388060109847e+00 1.910393832320016250e+00 2.528094637952983614e+00 2.553345149391422542e+00 1.594354376427110420e+00 3.203936236206251120e+00 1.879073320071713571e+00 8.136760959525805026e-01
3.927385493473454670e+00 3.789165624473930016e+00 1.781053146125070707e+00 2.493157485385880445e+00 1.874068417680707421e+00 1.959925884466344526e+00 4.433526772534216676e+00 3.225551168455002227e+00 2.190643130884001089e+00 3.480646810473956521e+00 2.945212809967230339e+00 3.477854399953783204e+00 1.850154473372649377e+00 3.531619941344841695e+00 1.511939179443357428e+00 1.830867087603392784e+00 2.908778798686958655e+00 3.006593079307608107e+00 2.546700014142337931e+00
2.232146095900716887e+00 2.685241488708283608e+00 1.788325861924620730e+00 3.076225716904948726e+00 1.305308729427367753e+00 1.633161567541750792e+00 3.696076447645473717e+00 3.330615485496875472e+00 1.764390079458215244e+00 2.388267383097864904e+00 1.216925798104310008e+00 1.769691903358478813e+00 2.919679122046958675e+00 2.707355002348879935e+00 1.563842656857911795e+00 4.086410771604181313e+00 2.367122900255488993e+00 3.882890555969066071e+00 2.141796772302409391e+00
3.683592557605572360e+00 1.925632417381268224e+00 1.977523542050282579e+00 3.035173912385739747e+00 3.633291936252208476e+00 2.904302721785487318e+00 1.831400852436344318e+00 4.605743578827063089e+00 3.377877856333072248e+00 3.427641623610290011e+00 2.378141476895998530e+00 3.046911361392459661e+00 4.340587279819697386e+00 3.284303046964617057e+00 1.613057112049193220e+00 3.485405505219725697e+00 2.639317388472248282e+00 1.719224796732826688e+00 2.207280088644827831e+00
3.181624922298698088e+00 3.780991751821588309e+00 3.844356312108053508e+00 2.227328283392513875e+00 3.800443740692651229e+00 2.864248129421016031e+00 3.193437626725251555e+00 2.653115492820772747e+00 3.403567268087224207e+00 3.309209004858685077e+00 3.522120017835856043e+00 1.941534808249025357e+00 1.562764653724264541e+00 1.382937187497503606e+00 1.219787752692403471e+00 3.166049083744312487e+00 2.929963400429517417e+00 2.783793333437678985e+00 1.781678972496478552e+00
1.079521188732980308e+00 1.212037639449494053e+00 4.042641841224727806e+00 1.477740127232946010e+00 4.139046463600794645e+00 3.942591209715390566e+00 3.099570021067883374e+00 2.908576517582520893e+00 3.048326954607920580e+00 3.630368302221025356e+00 3.111540681113883267e+00 2.804825461333666059e+00 1.991967566594134986e+00 3.645035429564903229e+00 1.311923050510624078e+00 1.809324794782211754e+00 2.611948786428880176e+00 3.397079020217336875e+00 1.542382911252244471e+00
2.465489087641777211e+00 3.186527472816377937e+00 3.350038170598868881e+00 1.725896355944564364e+00 1.906387046654751449e+00 1.726893703776194222e+00 4.235271381595793194e+00 3.308051238277124551e+00 2.019407179263010832e+00 2.643316536730257127e+00 2.111683642331894983e+00 1.942094043981139384e+00 3.437191475445901201e+00 2.844207794757701357e+00 3.395748461363654602e+00 1.690440062278955269e+00 3.743375662107018442e+00 3.884211072446388524e+00 2.098835154035662676e+00
1.257546884386403274e+00 3.099171807203325191e+00 3.589357380996088587e+00 1.596711115458588015e+00 3.311040538761089724e+00 1.536270667632628095e+00 2.295933549376026672e+00 4.080880628609078187e+00 3.498145363053218659e+00 3.440936424010738737e+00 1.827973033506378409e+00 4.554545975779215716e+00 4.429002564808000031e+00 3.926271578979854571e+00 2.046305676520396855e+00 3.481274292443023111e+00 3.224718496411566715e+00 1.743361337553084978e+00 3.050245625079649248e+00
1.518922249349677012e+00 2.876122158836271314e+00 3.081896456038657917e+00 3.978749088797927325e+00 3.499656293548142560e+00 1.427355104570210642e+00 3.768142677413596875e+00 2.962103442045548540e+00 1.701369258755616398e+00 2.941676134357448902e+00 2.309862413925852564e+00 2.736452236748378564e+00 3.807947889812840270e+00 1.737218389345259073e+00 3.305225520629479163e+00 2.034378581527648944e+00 3.147095685419611044e+00 3.370299513171701733e+00 3.560243745660853332e+00
3.575696493152534572e+00 6.756493735303664705e-01 3.747948640839844803e+00 2.550573716712338790e+00 3.993073284598660511e+00 1.654439819615319829e+00 2.889290816219156621e+00 1.318958690655120058e+00 2.909747594805522031e+00 2.586755046759485310e+00 3.745414439834036546e+00 2.348614457966321734e+00 4.235874051757680725e+00 3.231147333105895747e+00 1.892200255657861208e+00 1.704968030756371045e+00 2.719483937221463865e+00 3.995785730630986965e+00 4.219526111018311099e+00
2.249848938444329871e+00 1.632473214973296560e+00 3.881021109443953510e+00 2.575967935733279202e+00 3.486821503629034424e+00 3.598408412791982425e+00 3.582169715818451561e+00 1.079099088228314018e+00 2.950037008903413138e+00 2.934331211736835865e+00 1.674197364589789405e+00 2.706173971483728735e+00 2.417371205730997286e+00 2.924679487663321975e+00 2.626692862918651894e+00 1.741775452597812857e+00 2.637775675486424110e+00 2.987505631945402751e+00 3.451665751539192861e+00
1.736478892769435012e+00 2.543034029583898903e+00 3.118190223956275986e+00 1.676111830640822031e+00 2.020329855303986122e+00 3.313766762205276439e+00 2.119290817194792176e+00 1.498006079251104739e+00 3.537027238415508812e+00 3.377013357751497136e+00 1.924864370103875899e+00 4.170759092576536986e+00 1.739844114624262028e+00 2.687442933710980864e+00 1.847356291520234395e+00 2.686839942707341944e+00 2.379775154947636917e+00 4.257019426801770479e+00 3.830212204021662181e+00
1.428629571376240248e+00 2.458147694714530207e+00 2.095534219648316210e+00 3.002088457569233704e+00 3.233874268995395429e+00 3.346146154035598563e+00 3.776212205847914394e+00 4.860814988072215570e+00 1.963978291963368594e+00 2.963498100159899007e+00 2.420931812182241405e+00 2.955737485225099270e+00 3.081717552976081187e+00 2.698435552061570153e+00 3.459892365673407966e+00 2.126552398078112915e+00 1.531290553264574639e+00 2.990746647370073230e+00 1.356110763831145372e+00
2.589058847974583966e+00 1.875466665130862021e+00 2.136507388668582585e+00 2.337990157031981653e+00 4.105527061111130749e+00 2.068410991275999145e+00 1.277185607915185539e+00 3.107025405979805921e+00 1.002164589288708996e+00 1.966394808788295423e+00 2.913951531990250921e+00 4.315627601548671421e+00 1.791823791115067399e+00 2.514962395998086464e+00 2.728449610305466955e+00 4.207499493374359467e+00 3.128370415580914443e+00 2.699411053668619331e+00 1.410404265370796884e+00
3.640413062833550040e+00 3.486569034609848128e+00 3.811975186050295950e+00 2.120454140096000639e+00 4.005918083139082597e+00 1.938231564030768572e+00 3.412885582014702379e+00 3.088432212539938604e+00 1.712619787577219332e+00 2.549233924787932981e+00 2.774645462770958027e+00 3.089156813124990020e+00 1.928189536672807458e+00 3.086957358547199437e+00 3.550037748263572990e+00 3.813571536831549480e+00 2.745240233430401133e+00 2.250157202205080864e+00 1.197785323443529171e+00
2.998871300539133866e+00 2.280187273657662939e+00 1.694571837938502634e+00 3.801039065198512201e+00 2.557791909692470611e+00 1.373556317518155323e+00 2.624447330835182779e+00 2.143812856082289997e+00 9.440489557024889233e-01 2.675756474585630595e+00 3.833753228413166791e+00 2.497280663983020954e+00 4.676410325950942415e+00 2.064035398702065649e+00 1.895233126986302530e+00 2.577903810089661629e+00 2.658082144025698756e+00 2.858982467191672150e+00 1.521749642557873816e+00
1.429621188305715718e+00 3.778306868962400866e+00 2.861443653390147723e+00 3.545505333710996076e+00 2.831063270111803476e+00 3.126731125922987520e+00 2.640877875528724772e+00 2.107931636097530426e+00 2.940720233405889505e+00 2.917757008009073338e+00 1.570984794474372448e+00 3.076710221236548470e+00 2.810137360522922734e+00 2.688541158965756850e+00 1.791640889073573550e+00 2.895385347189162406e+00 1.536406761080155947e+00 1.796057720235830546e+00 1.962628692491149351e+00
2.437510987449284183e+00 3.212642438839468984e+00 2.817456608559016473e+00 2.798775143579941727e+00 3.726677719831803959e+00 3.119408619709966857e+00 3.137039378428485570e+00 1.533626348532913797e+00 3.258484117551881276e+00 3.384125705749454482e+00 3.149121535492699575e+00 4.085840855155772999e+00 2.120300254174140253e+00 1.488174889471391094e+00 1.856509251603356558e+00 3.738940263198866631e+00 3.655145101378042050e+00 2.734323194718667693e+00 2.947290690900695953e+00
2.724839012161570206e+00 3.101002974382594424e+00 3.014775560518162756e+00 2.674844230069051143e+00 1.879134218710745374e+00 2.285590791566204594e+00 2.741134320962822279e+00 3.259252317610831007e+00 3.430349268615771496e+00 3.170504423531609550e+00 1.596030669744441521e+00 2.620999055929970734e+00 3.385484927561759338e+00 4.074874660329283138e+00 4.033583544588679182e+00 2.115035605163337440e+00 3.332986230364541669e+00 3.787465680606506790e+00 1.739029433849633044e+00
3.882085162619309138e+00 2.615152243676669652e+00 3.147183874524581704e+00 3.244833765337641562e+00 2.916212545923449806e+00 3.895383651287051219e+00 3.637087417211047224e+00 3.222613238239942834e+00 3.094684473694094606e+00 2.637746222771699678e+00 3.373954691364446479e+00 2.856927683139132590e+00 1.735022019176986285e+00 1.773715250579023461e+00 1.429012813785139890e+00 4.737385571646653304e+00 1.760631264807639873e+00 1.570148503161455267e+00 1.889913542572010829e+00
1.994930917700398210e+00 1.997504816425500707e+00 2.627130824164403133e+00 2.957190688380947563e+00 2.962251772383194925e+00 3.312823274476617730e+00 3.798033090116744948e+00 2.800683140981828245e+00 2.350244458594571650e+00 3.430335895353296749e+00 3.189641818466844914e+00 3.114783030818662812e+00 2.542116465136899262e+00 3.145675762088536942e+00 2.969292366412468631e+00 3.043110974678731484e+00 2.377369937955999379e+00 2.527687973307095604e+00 4.454624323460802948e+00
2.980035903686043319e+00 2.470945927072185189e+00 3.311561337425804830e+00 3.808229821822005867e+00 1.385564189408759805e+00 1.749988362778565065e+00 2.969528127379553073e+00 1.541090586430600817e+00 3.191326748764282240e+00 3.319906483259097651e+00 3.607659166602043221e+00 2.834229648249643851e+00 1.680935391971092763e+00 1.997633309773926058e+00 2.880816853652008458e+00 2.425425372442275851e+00 1.672385903736594015e+00 2.494006288092438073e+00 2.611046015761445460e+00
1.168280419386282132e+00 1.927849538181342082e+00 2.203723126057244297e+00 2.406889668807079996e+00 3.200336497245368506e+00 2.971649030897579369e+00 1.932876747585424493e+00 3.847669308424321866e+00 3.024457215944199362e+00 2.541912320957667948e+00 1.935316338041887407e+00 2.767865258805202178e+00 3.715993371835649040e+00 1.540488046658286425e+00 4.236747252561846366e+00 2.174220319031928916e+00 1.542568781125908339e+00 1.865832607646012997e+00 2.743744926373387294e+00
3.313281652589803450e+00 2.646800282155893580e+00 1.673133628496048741e+00 4.493959387583553067e+00 1.322845971460472114e+00 3.249705665089155371e+00 2.114338160392288390e+00 2.986294352407740327e+00 2.339123567584934005e+00 2.737417094136858520e+00 2.722724484315561799e+00 1.755426520069293339e+00 2.629655515592601134e+00 2.826136280061842587e+00 4.448354486870853108e+00 1.445462927020262134e+00 2.389945464151967958e+00 2.876578847859633470e+00 1.226653294804123551e+00
2.988198158222275413e+00 1.971479564747409041e+00 3.261750069431930132e+00 3.274237380430574884e+00 1.546450651754252892e+00 2.468621797830479192e+00 1.160041290625581700e+00 1.737079600957385672e+00 3.541792309261785121e+00 3.630943716305801594e+00 3.396100854931694890e+00 3.282401622605086722e+00 2.827942010818031982e+00 1.894452384504050402e+00 1.077726174836275197e+00 1.495615207823417281e+00 2.212149098495483024e+00 1.554715492953590461e+00 3.722950366050241211e+00
1.644503191082729909e+00 2.924167920481836269e+00 2.963155945435842042e+00 3.751239564202524246e+00 3.124990483021355292e+00 3.324844705303793280e+00 3.745164095861743370e+00 4.011687395936137435e+00 1.646050153385691051e+00 3.202474439251137284e+00 2.010674838244403073e+00 3.477106260424817297e+00 2.636858306178465394e+00 1.816410772166524801e+00 1.219703352524950768e+00 3.134632222582784511e+00 1.889877137796968531e+00 1.822409562538209293e+00 2.140413510873584890e+00
2.143096699754821532e+00 3.028070778932870688e+00 1.242746125995869200e+00 3.575430317202140884e+00 3.482537642795440647e+00 2.680909325188805425e+00 1.775549388001383955e+00 2.279808229740717174e+00 1.802745929475939368e+00 2.970905007942783005e+00 3.812514558863769665e+00 1.733116888759963725e+00 2.323079405454695934e+00 3.913789233096593989e+00 3.629584898463281029e+00 1.339381887680465288e+00 2.271097172981719314e+00 1.320135934951445211e+00 2.321906515601385834e+00
1.870062565363493023e+00 2.828372468898324943e+00 1.481423661888427779e+00 1.381694324512558802e+00 2.670588492135893777e+00 2.465703930305779945e+00 1.852017823407941410e+00 3.256586154670201516e+00 1.769820975395054452e+00 2.527526834577780601e+00 1.801558689455874163e+00 2.345004618633329319e+00 3.711901438802943876e+00 1.797320468549632011e+00 1.910626272090180100e+00 1.988495789465575481e+00 3.334535977496732251e+00 3.730503331554936075e+00 3.608309785126413871e+00
4.685256108684503040e+00 3.629427796292880704e+00 2.376037198318873056e+00 2.076704327465358269e+00 1.873501825491167061e+00 2.478094043870787910e+00 1.809192230557575165e+00 3.847706037266243495e+00 3.859004345890750809e+00 3.255925721309754106e+00 1.580288266779841022e+00 4.026381074734681320e+00 3.943855633875264832e+00 1.362315517682448851e+00 2.960669939661116690e+00 3.866780687191665233e+00 2.391802275833307956e+00 2.124093837249395378e+00 3.573536449022871153e+00
3.749284362637633539e+00 2.313332660641938432e+00 4.089824068340180752e+00 2.235597065806305572e+00 3.027628296478497294e+00 4.373083482821263246e+00 3.838486421841290852e+00 3.589909366547982650e+00 2.125628082501806571e+00 2.749395689127660969e+00 3.210622111948487678e+00 3.082714972340143245e+00 4.015715028738132020e+00 1.959386857256061765e+00 1.433471426431928597e+00 2.541760215221087638e+00 1.581518963345624584e+00 3.779943168310628820e+00 2.227112868507515664e+00
2.269970787468864160e+00 4.221104384881281923e+00 3.090227007997246034e+00 2.829372640075437317e+00 2.148199575761613911e+00 3.270447048288649405e+00 3.879723835086120065e+00 1.185082709387307531e+00 2.092805070107806920e+00 3.012031472114613084e+00 3.473903481862830933e+00 4.470026196115262529e+00 2.469541528760090365e+00 2.666781621939098290e+00 3.198826918126341123e+00 2.825295414851172193e+00 3.075837192439378587e+00 4.594446026827910146e+00 1.459676819528088698e+00
3.379781601308577965e+00 1.865311159281197728e+00 2.165506786428283981e+00 3.092306338795656195e+00 2.265853603827598040e+00 3.019577691340423975e+00 2.767378444794294179e+00 2.117612059683278147e+00 3.803055255466136320e+00 2.879611238775981352e+00 3.164836040164303643e+00 3.007052580728341251e+00 1.618496817641841057e+00 2.202785115560981222e+00 2.412748375737767237e+00 2.851080751776178257e+00 3.732178024314821041e+00 1.664978281646362523e+00 3.149160130460126883e+00
3.681363706260794899e+00 3.290318680961093367e+00 3.450378323866872154e+00 3.143866736116485150e+00 3.365207901416405800e+00 1.561872034409318655e+00 2.634678974920495076e+00 2.697704717327038093e+00 3.314509965959820281e+00 2.575392108659724677e+00 2.875816837648958568e+00 2.061544166479265083e+00 2.601661586279026217e+00 1.331234822777970450e+00 1.492470244834963378e+00 3.567619317544206581e+00 4.120551373525940697e+00 3.115454968997844354e+00 2.641486986577239904e+00
1.865449369061488838e+00 2.548203999945780840e+00 3.363116913740046954e+00 3.933342173115179197e+00 3.264558513357404212e+00 1.895646414968731763e+00 2.166420781287475172e+00 2.906702531748018625e+00 3.691653238612397470e+00 2.645090947939401360e+00 3.250101703050542135e+00 3.240533511975402625e+00 3.822969509923935139e+00 3.334996109101530770e+00 2.398189218947226919e+00 1.329220762536772238e+00 1.685054718016188779e+00 2.829473057729966712e+00 2.925162591644328014e+00
2.786946699887781875e+00 1.478028651542367955e+00 1.912090151903759194e+00 3.154492484312374945e+00 3.067096237484907117e+00 2.691519096551723500e+00 1.326286211749999389e+00 2.019168999519921126e+00 3.074770944522230653e+00 2.840279577119793508e+00 1.944623979766197719e+00 3.153686233764324331e+00 2.643251546051532230e+00 2.764018967010159145e+00 3.392955459444031430e+00 2.379591091959714522e+00 2.946112547830132655e+00 2.520929149422691751e+00 1.150158866679912295e+00
3.813847668579029460e+00 2.501164518933417291e+00 1.941281565254213914e+00 2.984980019109237048e+00 4.173288670137099921e+00 2.753637809795677516e+00 1.474190657007001581e+00 3.077088964783674552e+00 1.727100195492083712e+00 3.206427879659018210e+00 1.625906507609027107e+00 2.811126352576336362e+00 3.470229120735872197e+00 2.780048001193269780e+00 1.250546356191521102e+00 1.621598475901598446e+00 2.042507348638716635e+00 8.678343439076673382e-01 1.650565424801557990e+00
4.367971327659483372e+00 1.635280733987725998e+00 3.539374775873401102e+00 3.063141686447074186e+00 3.542660616257832018e+00 2.881718268023331309e+00 1.040667706303243012e+00 1.419759727572726948e+00 4.153397504903452386e+00 3.164561997920809056e+00 2.033148307446595915e+00 2.294176321794754614e+00 3.337332494344413369e+00 2.032865791009536238e+00 3.203996383337172738e+00 3.150302270701517582e+00 1.989021120366045503e+00 1.971545642173436086e+00 2.803194622742748887e+00
3.431778017532812530e+00 3.086635914236637301e+00 2.283600273788099599e+00 2.230888428320663586e+00 1.487870969880465966e+00 2.584290902877925511e+00 2.832979491825285745e+00 3.191612744206652863e+00 2.734131476005153605e+00 2.714488978192308277e+00 3.833071873986716671e+00 3.803554230788499080e+00 2.932029701151860568e+00 1.298407766877122782e+00 1.721644983290891329e+00 3.209372539414223180e+00 2.016627223548120629e+00 2.256225107130203522e+00 1.779361534726251026e+00
3.154394109362002929e+00 1.574419571692646791e+00 1.192083419675988187e+00 2.356754598278189228e+00 4.012627096213762457e+00 2.280445746209684543e+00 2.966122916946873023e+00 3.339909284490333086e+00 3.544208093032133355e+00 2.056819351357537240e+00 1.784817365647155318e+00 2.702421939616669988e+00 8.191985097239952163e-01 1.836923813852026743e+00 1.601039154638690620e+00 4.277775943848919127e+00 1.520874165873241424e+00 1.952604069299411771e+00 2.142881785509167969e+00
2.412548502278264451e+00 3.414442766217341774e+00 1.199541369403588131e+00 1.399640991157297343e+00 9.501306424766817749e-01 3.193708874440830847e+00 2.769727646956499090e+00 3.985883758450158521e+00 3.507843225357764716e+00 3.399026231328454717e+00 2.335218501046269601e+00 1.101749232579947613e+00 2.987955973311406499e+00 3.263142007116858423e+00 1.765608111411399950e+00 1.910410590395477781e+00 2.374118332685561494e+00 3.224131650765909018e+00 1.407616132566821499e+00
3.505732515892541201e+00 3.840159052200801781e+00 3.789480681330209322e+00 1.132060067651550428e+00 2.836373890921345620e+00 3.100857452761332844e+00 2.623782644004589049e+00 3.681323842074378128e+00 1.151384973154678582e+00 2.169634406711296482e+00 1.412399845296726575e+00 3.434431842727977191e+00 3.368003335904477424e+00 2.453536367173564159e+00 3.865396172150101783e+00 2.230805134291347525e+00 3.219881241072223954e+00 2.191393228216934830e+00 2.163597059258887789e+00
3.319980175514230858e+00 3.571290103494813017e+00 4.038476826224237648e+00 2.043709877382816842e+00 2.626149078997167319e+00 3.361655022610884558e+00 3.850200385534397807e+00 3.283922160320015049e+00 2.907493113703191412e+00 2.508269050790045362e+00 1.917641077079297318e+00 3.520601951489034764e+00 1.256685771524378881e+00 3.400885273852276125e+00 3.475912608402459192e+00 4.789356753825143365e+00 1.660719858716597219e+00 2.141351428655049016e+00 3.032032939723050102e+00
1.917109670858554882e+00 2.799699481627401010e+00 1.141710650704825136e+00 3.729776427452477616e+00 2.931963660106160940e+00 2.487435105393013046e+00 4.123157462684511998e+00 2.136447463430756866e+00 1.885198355201781695e+00 2.619683130764111745e+00 2.804142721621873058e+00 3.855415353608085294e+00 3.772229729265807130e+00 1.797421454867291768e+00 3.845460400706697701e+00 2.269680566778759623e+00 2.559505433663780583e+00 2.611934444887725970e+00 2.044205287278560768e+00
4.061024439226714300e+00 3.479793389999188413e+00 3.356136347210098680e+00 3.319771527623856855e+00 1.618025344357813422e+00 8.110040206231992066e-01 1.895207663821031341e+00 3.720368401230844668e+00 1.685166355629477142e+00 3.384535519510281976e+00 3.834382166264911795e+00 2.351163379331697723e+00 1.621362740274733483e+00 1.283897011147231204e+00 2.681252767830127226e+00 3.059511383597583567e+00 1.808468837118176964e+00 3.328524430664716593e+00 2.513195876926515471e+00
3.582356771788541838e+00 2.962340167649172074e+00 3.006437461929102994e+00 3.655384231880727253e+00 3.758409505737544620e+00 1.400467452309510641e+00 2.608784779865790604e+00 2.826060635898977047e+00 1.178154794188961851e+00 3.074807384547217914e+00 3.149024117197919193e+00 3.832658561638255801e+00 2.150682469874889424e+00 1.887033565126263968e+00 1.530204004164011700e+00 2.656344453127241323e+00 2.254468944206184489e+00 2.051761278177604453e+00 2.401213844409890719e+00
3.194134854879803864e+00 3.902107749756194899e+00 3.340085679439261490e+00 2.585431930089606034e+00 2.873152752144168431e+00 2.217782039632892666e+00 2.680662698486645290e+00 1.413552556885135036e+00 4.825630678762799164e+00 2.448387612116312617e+00 3.236671642331289345e+00 2.934607148518136199e+00 3.490777627166781194e+00 1.819645415445209746e+00 1.939992940250076181e+00 3.537112142664778247e+00 2.526925314136623690e+00 3.782653933864684515e+00 2.586244160743223830e+00
3.117801660851051260e+00 3.311133158588054126e+00 2.856716293496866399e+00 2.436490322908519968e+00 1.624806653518422239e+00 2.787779323308397394e+00 4.235973324184435285e+00 1.350559160820708371e+00 3.013916235621267870e+00 3.864053522094776927e+00 3.777976498682229511e+00 2.940356585045922788e+00 3.493199735700567743e+00 1.264181080632358345e+00 2.318458034387929967e+00 3.312442794177798078e+00 3.828606590742680282e+00 3.872114673960307840e+00 3.655273892650918288e+00
2.619840531933232075e+00 2.786047289417911355e+00 2.693909825720974816e+00 2.450282857394057157e+00 3.114266278353420514e+00 1.647903153678169419e+00 3.516355558153262617e+00 3.839128000845180022e+00 2.382328394927225368e+00 2.258974123064865225e+00 3.916641511658982999e+00 2.039812884929609105e+00 2.960604268595334432e+00 2.964582636938396298e+00 3.100246190696205772e+00 2.907256312571278034e+00 4.116053799671885116e+00 4.181577297366073864e+00 3.751168395929490806e+00
2.718984103959951160e+00 2.182052722174294246e+00 2.971091375169698789e+00 3.892896396085928412e+00 4.475068550734753181e+00 3.551448546273760165e+00 4.211617643697083579e+00 2.963931351002738523e+00 2.890372524387117448e+00 3.508360462937096802e+00 3.714029062779598878e+00 1.838997262006153655e+00 2.899048955361046787e+00 1.728457024233935879e+00 1.865717135022736173e+00 1.681991291481640172e+00 2.130044273753997519e+00 3.396326754339291654e+00 1.483840963902954613e+00
3.300737069426244119e+00 4.117430879800970445e+00 2.028912101220147868e+00 2.347232506865363444e+00 2.010979385946051412e+00 4.230201661731542551e+00 2.452532710383101833e+00 3.785833380239510326e+00 3.649279922602293613e+00 3.310561751542425490e+00 3.083162160697618503e+00 3.397151608104367337e+00 1.938921559977647258e+00 1.893893112826105618e+00 1.715768632805285909e+00 2.708374793698319571e+00 3.984421624979399112e+00 4.333011248744422339e+00 3.876335298292363341e+00
2.993697845563175530e+00 3.151267521033061847e+00 1.853138988483550520e+00 2.811889922321503033e+00 2.424528053151655982e+00 2.047214064549153001e+00 3.791999365224401064e+00 2.770217005660082332e+00 3.589722715040678303e+00 3.714820292544835478e+00 1.384697636140272969e+00 3.301503223000790133e+00 1.848653085434735832e+00 2.872285312592933071e+00 2.258555485669289098e+00 1.089125341387940038e+00 2.905625927312120105e+00 3.458246743558259340e+00 3.691830698222626328e+00
2.750854626537612369e+00 2.550973859739415595e+00 2.202514470821092196e+00 2.964555255727305827e+00 1.572314973469734145e+00 2.469476549009884003e+00 3.021491738428172535e+00 2.899212748022672148e+00 1.029947374308874508e+00 2.892292118859707717e+00 2.533766273651595125e+00 3.637980674518323188e+00 1.746366685488459414e+00 1.600738575621890147e+00 2.370648850780374683e+00 2.632626119210155213e+00 9.737102506562027582e-01 2.682971821458839834e+00 3.666060029910948259e+00
2.806347840816428629e+00 3.693527582081161498e+00 3.143453580503977385e+00 1.856961595643329632e+00 1.652598266217920830e+00 3.657686667450603668e+00 1.798484465800474830e+00 1.520794648813248440e+00 3.075135612809334784e+00 3.542761530874684262e+00 2.160956835309964408e+00 2.332096903493808160e+00 2.093304658883092806e+00 1.056097514974368989e+00 1.947357876303277946e+00 2.060814806567664359e+00 4.012987172633273758e+00 3.049676946533178779e+00 2.707402502146523560e+00
3.581627149986483349e+00 3.575267339904311559e+00 2.927918273899862811e+00 3.565829143327983619e+00 3.321242433851362197e+00 2.302115089807001969e+00 3.145390220948092619e+00 2.048300026826732623e+00 2.447035537919426851e+00 3.046248593408274807e+00 1.179180094850339033e+00 3.233723232869423203e+00 3.249792884541917726e+00 2.040257964360811638e+00 3.970029338276886310e+00 1.671258911216825238e+00 2.782673597225118645e+00 3.995127474165820036e+00 3.116226845172571203e+00
3.542954314556284068e+00 3.581246750571035697e+00 2.905429667505827762e+00 1.934221593243430570e+00 3.607442818140247365e+00 3.095772379716265732e+00 1.747145425839482735e+00 2.923860593174422817e+00 3.497673427116662737e+00 3.471776582491908680e+00 2.960431530454495697e+00 1.478948138452471639e+00 1.635814655731556932e+00 3.731287672207065143e+00 1.332448168327222904e+00 3.373688931068807850e+00 3.433809116263469186e+00 1.587881533180256044e+00 2.750771378529724309e+00
3.213734678933244826e+00 3.274764409698659229e+00 3.343788368302417435e+00 4.216549779951986210e+00 2.448735112175402850e+00 3.736587615326891765e+00 3.220452753155569781e+00 3.211403840878858773e+00 1.604068194524948643e+00 2.264185747886185762e+00 2.679558754862916281e+00 1.438876458432107208e+00 2.524117905013020913e+00 2.166425739200405598e+00 1.166250123788905801e+00 1.198311740581034401e+00 2.031661601388476512e+00 2.943321039457526656e+00 3.414787705985623756e+00
2.407917245201122824e+00 2.675031232005304460e+00 1.927941567774582809e+00 3.041079609351880375e+00 2.115568579584488518e+00 2.112029424372000364e+00 2.044533129982565534e+00 4.346108799918174448e+00 2.673726860491099977e+00 3.376493326533575257e+00 1.637691146271851750e+00 3.379467215920196832e+00 8.871689085456743173e-01 3.696449528175703936e+00 2.965661194768465680e+00 1.590560460539731436e+00 3.184543218128882636e+00 2.601190421126426067e+00 1.674058538670749385e+00
2.400380427508268077e+00 2.900763805915342441e+00 1.964989921195066103e+00 2.359387602269422679e+00 2.929348116381519596e+00 3.862900571646064485e+00 2.198337013681149532e+00 3.057933304389082174e+00 4.135783731554927733e+00 3.382002920336480756e+00 3.585678547780025482e+00 2.346967004477996444e+00 2.191981868488424023e+00 1.862900881436271749e+00 1.622608202600926752e+00 4.048560348286883936e+00 3.102353683697983477e+00 4.175319651194813630e+00 3.378995128301071738e+00
1.768462826767998486e+00 2.744325314572686469e+00 2.021195662903611190e+00 2.122056216408990004e+00 3.176772632508654493e+00 4.031316805650819290e+00 3.790350479399608563e+00 4.425759225811922271e+00 2.850915776694342707e+00 3.127047065735584219e+00 1.800521815008979454e+00 3.026893326185158717e+00 3.593910974589384022e+00 1.243140535807529368e+00 3.450770766694171598e+00 3.254628111870379037e+00 3.118115807583975663e+00 3.300308411145658205e+00 1.416482407663229193e+00
3.397623347526156579e+00 3.035096719037612800e+00 2.397621418853938646e+00 1.525655651298145177e+00 2.343579363661081771e+00 1.438301928386461537e+00 3.320269446819625436e+00 1.507680719080716658e+00 2.036855828588885586e+00 3.480867163774432171e+00 1.894692377030288588e+00 1.706743387151623992e+00 2.689094883202058472e+00 4.194852825223613024e+00 1.678764075751716822e+00 3.052186978165531528e+00 3.137253187791506637e+00 2.207725008854844351e+00 2.604696959221903807e+00
3.580523987492844284e+00 3.302816441073618936e+00 3.112049109267434499e+00 4.193113625749743001e+00 2.789312799943919341e+00 2.140011861451321717e+00 2.158581770506768915e+00 4.668415838825487718e+00 2.793782921256173335e+00 3.306424356255393882e+00 1.696533318755196973e+00 2.608737714824916676e+00 1.847086694164898235e+00 3.320680493833080948e+00 1.484178218607019817e+00 4.005262568386951827e+00 6.689976727680395641e-01 2.313187554803452617e+00 3.197338168722298146e+00
1.666774569277524654e+00 3.556473091707164080e+00 3.101649926342831876e+00 3.292366101705181958e+00 4.078262793649673590e+00 3.069875786694807207e+00 1.859778969757451605e+00 3.671685465438434992e+00 1.713231795644445166e+00 3.226507379072328430e+00 1.424981475139425635e+00 1.762415512232713644e+00 3.666197571966781865e+00 1.004421316500418104e+00 8.023123840294007492e-01 2.301055617849709467e+00 3.596336881819713227e+00 2.079291860528240665e+00 3.895251732667917466e+00
3.293103960134141417e+00 1.378784768010871353e+00 3.901143018332862589e+00 2.441246291479802544e+00 4.065876688413165851e+00 1.903326797162688155e+00 1.927293324047280043e+00 1.522646923718375511e+00 2.224723798805845476e+00 3.245415378685601038e+00 2.961896003322983972e+00 3.342875156708474016e+00 2.714868269643932575e+00 1.278037551953035589e+00 2.484787417167858781e+00 1.589019118691300525e+00 1.778436420116941807e+00 2.843036653485689680e+00 2.584349773164110520e+00
1.455732759051574288e+00 9.304173289777329936e-01 3.280178038134033525e+00 2.974385738247420807e+00 1.435765025372744086e+00 2.659672658513304810e+00 3.704052192044450020e+00 3.019397442208782589e+00 3.241839356395416427e+00 2.145741974084545589e+00 4.299552540775643195e+00 3.234251781618484589e+00 2.778923905311140530e+00 1.081160389541971689e+00 2.930803841085455108e+00 2.384596077435680250e+00 2.544729017445194863e+00 1.725593291181461542e+00 3.747830239074955383e+00
1.726080351670413737e+00 2.779752355476547532e+00 1.257489786370076912e+00 2.370625493694968888e+00 1.146575751231545537e+00 1.137091724521650304e+00 3.108219743392118595e+00 3.301407575624997648e+00 3.519332096914238761e+00 2.971307082529605736e+00 2.873623696640075664e+00 1.876408001687170923e+00 1.831929516533031821e+00 2.120388255566671543e+00 3.534285867522058755e+00 3.131589925235726657e+00 3.858900675091562427e+00 2.885813105816877666e+00 2.168845871062109243e+00
4.133101381509966643e+00 2.014577646687893964e+00 3.638271804853541180e+00 3.811514152767202734e+00 3.228035150858370450e+00 2.590374188747230022e+00 4.311601724447117867e+00 2.830560113738868733e+00 2.712339613838509855e+00 2.363695625859484561e+00 3.046742322350889154e+00 3.807136375486614099e+00 1.496175415370755601e+00 1.353634753162366255e+00 3.431237088791998957e+00 3.110909446812335499e+00 2.996730310462959679e+00 3.552953189759880281e+00 1.461545099362262290e+00
3.317592195588397352e+00 2.490499597743445204e+00 3.427514910279779059e+00 2.778436782258130844e+00 1.964492466681741378e+00 3.569120968060941479e+00 2.249513282163113193e+00 3.255653617163986269e+00 2.894053724846991305e+00 3.210153716976219318e+00 1.975903919926869534e+00 3.279710669248419030e+00 1.748263421501579318e+00 3.442360681830667346e+00 1.550722067703909968e+00 1.659221034570520947e+00 4.004382280450473175e+00 4.321027551643942033e+00 2.760739013411806830e+00
1.581703258799660228e+00 2.545266209264170687e+00 2.514926520392567255e+00 4.404719072377212719e+00 4.546410035723340570e+00 1.719783886677361373e+00 3.713032297274101889e+00 2.970545963215756480e+00 3.460338763946586571e+00 2.241500910386560630e+00 3.059353192950251099e+00 3.873214107050281019e+00 8.351256119568573055e-01 2.272916302021248836e+00 2.622263740703800305e+00 3.405345657022227357e+00 2.384072350277280261e+00 1.700888653195710143e+00 3.189342542392107127e+00
1.960826600652186169e+00 1.229073614454912144e+00 2.430193863372636542e+00 2.476427376389380264e+00 2.277590866587932972e+00 3.227642628345658515e+00 2.717256687763897283e+00 2.704962365711714778e+00 3.983119757234137914e+00 2.351957161228076743e+00 3.845700357776840050e+00 2.547656439273603635e+00 2.995640059099449637e+00 1.337023226206742077e+00 3.434292468393115527e+00 3.966588149796257401e+00 2.415541447315548318e+00 2.686278027810547364e+00 2.495628906031218897e+00
2.971917303925168952e+00 2.431609766335826706e+00 2.946680591542434779e+00 1.855983387153193886e+00 4.285711996620664266e+00 1.743156795837359718e+00 3.451396478329435968e+00 3.094224685076716774e+00 1.902103094141719186e+00 1.964296957540897060e+00 3.622126248855771280e+00 2.207219598908126024e+00 2.088416432288604074e+00 2.777060149870804739e+00 4.364659366589961564e+00 3.344440242373152294e+00 2.211880334754277477e+00 3.029875076587376093e+00 2.856523771258946631e+00
1.386900836977857265e+00 2.622704969860045754e+00 2.652820520635054802e+00 2.202047174295005405e+00 4.521696688107259554e+00 2.996240226072580892e+00 1.881010839203302698e+00 2.753850753401405171e+00 3.174105691162751430e+00 2.713286207575031472e+00 1.982190504292195676e+00 1.655672390924326720e+00 3.020023606991540266e+00 3.385310961028495491e+00 2.660351820719785820e+00 3.855465967952676820e+00 2.621051860027335589e+00 3.098795007254169231e+00 4.047963826443194968e+00
3.231167159239946240e+00 3.510209239609920040e+00 1.734092124747012020e+00 1.755786343768242830e+00 2.064796196065842970e+00 3.438802428930639365e+00 3.587380255311575894e+00 2.969478913593242897e+00 3.019064017977761694e+00 3.362507152851542891e+00 1.592333832681771311e+00 3.969466419606061613e+00 2.797106492431079339e+00 1.363129041716276024e+00 3.262034060120625245e+00 3.149729601237185594e+00 2.483126203305917823e+00 1.387653313543796285e+00 1.670926333684554566e+00
3.283693517970449616e+00 1.336010625865786006e+00 4.130375989907520307e+00 4.450417861638666928e+00 3.932008826455479777e+00 3.610784480882909264e+00 2.157866018691813270e+00 4.234991537909369441e+00 2.976886770841436380e+00 3.601302545758444218e+00 3.774290895720823436e+00 1.518327150151177918e+00 1.892074508977763747e+00 3.268664224482393799e+00 2.818538647050535584e+00 1.109376859700763829e+00 2.907740990406531445e+00 3.106604472061841538e+00 4.529888179214432320e+00
3.031205322301328664e+00 3.606843347074935480e+00 3.571151700643296678e+00 2.424112682540816355e+00 4.114433928047514399e+00 3.372522324306195252e+00 2.533423904175708952e+00 3.261994808788855504e+00 4.651870125052498750e+00 3.681069715807553155e+00 3.428287186674923159e+00 2.555324726756769138e+00 1.756756789865266510e+00 1.769307237852111081e+00 1.675821489092098160e+00 1.934011667531542189e+00 4.318990535782150531e+00 2.702531747038046106e+00 3.581040113538077829e+00
1.372678042596134684e+00 3.847403557134538854e+00 3.499826039851939186e+00 2.419137209435175517e+00 1.406057674888822273e+00 1.969818927612538184e+00 2.951171579828114400e+00 1.358120936929984035e+00 2.506536249057297994e+00 2.717892554036721364e+00 4.936102652274447777e+00 2.327236549772637719e+00 3.319782468241967432e+00 3.126900225418380863e+00 2.030679387022651827e+00 2.785189856889062288e+00 1.904456746910297760e+00 2.374687130531829116e+00 3.472134332767808473e+00
2.282297086864578439e+00 1.538558363714970456e+00 3.432807638898600633e+00 2.527081766001229912e+00 2.459958217077282683e+00 2.335392747654678303e+00 3.532184024777100806e+00 2.640768750420352973e+00 1.849881021857839869e+00 3.170801562760602099e+00 2.465937175671592652e+00 2.494214622185460861e+00 1.790229022049881991e+00 1.519783242182100258e+00 2.676322677301825603e+00 2.776317485263935847e+00 2.931868660640669422e+00 1.620878777516032487e+00 3.945326464156531543e+00
2.976683741792460314e+00 1.815964850609264936e+00 2.632143120510312073e+00 1.809050115869203390e+00 3.005588416515758254e+00 2.662773473522524803e+00 3.418491995558441410e+00 1.833081794200352777e+00 2.895761829325344205e+00 3.307776109289220390e+00 1.869875431433893453e+00 1.842108867265777938e+00 1.688789526533827967e+00 2.830728054926073600e+00 3.389620865983272502e+00 1.291405162464827505e+00 3.341745363463485052e+00 2.853116800303156175e+00 1.893940199912691691e+00
2.521709527062759193e+00 2.992850712262979496e+00 3.368236895941359776e+00 2.565728597805440714e+00 2.830994561104600571e+00 3.180590936927384149e+00 3.873060430353920225e+00 3.120720625795131209e+00 2.974747675678819370e+00 3.241769117970046299e+00 1.465130461393573169e+00 3.039571148679880874e+00 2.217527243256060654e+00 3.286822936004498263e+00 3.531692602632545253e+00 2.771684583128636525e+00 2.787211933870521019e+00 2.082709927937072436e+00 2.789926780581839960e+00
2.090188299408600070e+00 3.190233114808652459e+00 1.442653291488980694e+00 2.333959636506766966e+00 3.884304533759478595e+00 1.609990939674380117e+00 2.884309474651711280e+00 4.103840990900357255e+00 3.850991470446737619e+00 3.018630310973974495e+00 3.826848626653636121e+00 4.420620059227441168e+00 1.935276090951454364e+00 3.289798658230988604e+00 8.697552265969825669e-01 3.272683322035857323e+00 2.730418234762427065e+00 3.410205161358557113e+00 1.633843808640360828e+00
1.550886135933411181e+00 2.374814878147333275e+00 1.500649246422304239e+00 1.688565885216614326e+00 3.006042847073511659e+00 1.826188109692534312e+00 1.950590196434704771e+00 4.621615457459655296e+00 3.591975755042809748e+00 3.054552042573434711e+00 2.859791507294174639e+00 3.896559228629195903e+00 1.949290673095206650e+00 1.684471472707799178e+00 3.246974650688648545e+00 1.640892596175749008e+00 3.425445007016339360e+00 3.429349855752000131e+00 1.914871870711031043e+00
2.900657481169160334e+00 3.801398169545989969e+00 2.929901466033952850e+00 3.477257833781008056e+00 2.601978525200296932e+00 2.770562996573687986e+00 3.560842474685608217e+00 1.319589053284815350e+00 3.286132264699491046e+00 2.915261522763528124e+00 3.306502197498391027e+00 1.733552059131018730e+00 1.330894856548926031e+00 3.924521792711710866e+00 1.767095363166335309e+00 1.482525522735856249e+00 4.152576926010346448e+00 3.637713626913309906e+00 9.601430029973894165e-01
3.161663873461913354e+00 1.859890860437252824e+00 1.790744129242659133e+00 2.961940847834395374e+00 3.771898116099291265e+00 2.890636565900557731e+00 3.448364889581482018e+00 4.620733339076886104e+00 4.072315301051605552e+00 3.269465006596318002e+00 2.730119896060205775e+00 3.658179159118351009e+00 2.118454412368552031e+00 2.289347671154740471e+00 2.614981378530112366e+00 3.012711199344563440e+00 3.276821785893340611e+00 2.982063062445694079e+00 1.728006439468719346e+00
2.249134880614242160e+00 3.108092424029065715e+00 2.298516494127550658e+00 1.761740109815850053e+00 1.501792093113277105e+00 2.363022585302808398e+00 3.606011183488208260e+00 1.942477142546956470e+00 2.216880136837509951e+00 2.810336219216895248e+00 2.202134185335024696e+00 1.310571909797791923e+00 4.095557437247576260e+00 1.916854374512292791e+00 2.043424680116479042e+00 2.044977922609310106e+00 2.834869722414226079e+00 1.784912261473533768e+00 3.239201791763582694e+00
3.297556096080928256e+00 3.118759677171181632e+00 1.848795881554871734e+00 1.082516763735152043e+00 2.752564614089360706e+00 3.865570671132982028e+00 3.309889898928207952e+00 4.501671930467108673e+00 1.829760157304514134e+00 2.184105159620715941e+00 2.846726800266770496e+00 3.391529423025396284e+00 2.457407521856557864e+00 2.318316979666747990e+00 1.567460698122120188e+00 3.533095445921408118e+00 1.462577220868401140e+00 2.570949345595777036e+00 2.558633568980239303e+00
2.451223355840160600e+00 2.703057395071594371e+00 2.487042274180069956e+00 2.290773989078608075e+00 2.749601239715411705e+00 1.591480356163316845e+00 4.237324605433935965e+00 2.676769306952237137e+00 2.374283265006950305e+00 2.914733470917347358e+00 2.186134156347912860e+00 2.886342561650037997e+00 2.821937217584578050e+00 3.748540041778875676e+00 3.831773596686609107e+00 1.886449073981851798e+00 2.879822701376226757e+00 1.623016775381694421e+00 2.846747002746881527e+00
2.606501081289406940e+00 2.093810134528432343e+00 3.063258236161451542e+00 1.549325226500015917e+00 4.602966917999268048e+00 2.870078380855471956e+00 1.492866068640414712e+00 1.920981521750263932e+00 2.585577353276381718e+00 3.106869234576127070e+00 3.701319589867484883e+00 2.838557754954238455e+00 2.922132245874242251e+00 4.147745490806858726e+00 2.266240027904013576e+00 4.085886718441347654e+00 2.620754541911467950e+00 2.971542547078871888e+00 3.175097454792801255e+00
3.315788627776256714e+00 2.071810776997085046e+00 1.975131129617232251e+00 1.359037237323728053e+00 2.713623588765025740e+00 1.799762517234150261e+00 2.638850644911123755e+00 2.103722566485095591e+00 2.380253509392578959e+00 3.032039673735590579e+00 4.044689340568878855e+00 2.126915646539211835e+00 4.022727884912267626e+00 2.294794386927356378e+00 3.044818393750921004e+00 1.799563043651960514e+00 2.424449638421969144e+00 3.896978421023276518e+00 3.509682399905354355e+00
2.025659351478555248e+00 1.735079944997739654e+00 2.145365972986705394e+00 2.892601129694466700e+00 4.048302206485223209e+00 2.079159609038713885e+00 2.777832298350653151e+00 2.451740549872221564e+00 2.077677939183798728e+00 2.836759278448928168e+00 4.870475057244950001e+00 2.691100995383815420e+00 3.306002078520574816e+00 1.288942135535854128e+00 3.421117889694266445e+00 1.344630807555571961e+00 3.910084137326371057e+00 3.339242251152420238e+00 3.366995902072621671e+00
3.753333054411115199e+00 2.397548211258047068e+00 3.347649301024003599e+00 1.842458825998143590e+00 4.149510555130095035e+00 3.000783071257232759e+00 3.634023526552216499e+00 2.168007341371573027e+00 2.398465163851323911e+00 2.932687073251716292e+00 4.054781078445902409e+00 1.414832556573479838e+00 3.165486412492762636e+00 2.863593322894802284e+00 2.974741477758105379e+00 3.133458691465779378e+00 4.433072288047060994e+00 2.897819041115153649e+00 3.094653100551255420e+00
1.607890747701523626e+00 2.870220301922998374e+00 2.782998466565000939e+00 3.153123317198662789e+00 3.968214332432406177e+00 2.876293336489462060e+00 2.232804946935073698e+00 1.577796162279081482e+00 1.482703098168385969e+00 3.238518682697070439e+00 9.910077674293079619e-01 4.244719093290695966e+00 2.375974361631672860e+00 3.580194800240110720e+00 2.927061818174638841e+00 2.702515574733650450e+00 3.560290278848877499e+00 2.899250107834909329e+00 3.348379202324128556e+00
3.069139922771183304e+00 3.015622022260754598e+00 2.960759602554086989e+00 3.133720091270037145e+00 3.038295742034842206e+00 1.682491974570417215e+00 2.526088713064868596e+00 3.591881967111271390e+00 4.273523679530624619e+00 3.464881961767844576e+00 3.797888010852136453e+00 3.954998240434856260e+00 3.254086538693523156e+00 1.067271860197825051e+00 3.090828958870114995e+00 2.697451556643675197e+00 4.308366573251459108e+00 3.329491202733830590e+00 1.873093500940422595e+00
2.665653188662520989e+00 2.740727133579846431e+00 3.275640187464630149e+00 2.516681976786879549e+00 4.262073327639350317e+00 2.042215523379178777e+00 2.927196357652694036e+00 2.349879538295022829e+00 3.493279282276908315e+00 3.287915100698220794e+00 2.773981701127098631e+00 2.140940386168633580e+00 2.507509109138276848e+00 3.097413739756583073e+00 2.496573770149056681e+00 1.534529007714418691e+00 1.679507951736341598e+00 3.467300852548111934e+00 1.279897349894564940e+00
3.252440333395170136e+00 2.582778490386310910e+00 3.419088904777705107e+00 4.540101452256006809e+00 2.898723709369310786e+00 3.828601663730761384e+00 2.962439907693847463e+00 3.120149747654521022e+00 3.331319350146198399e+00 3.295923834066530222e+00 2.614880236171843286e+00 1.952647447215824617e+00 2.272660237784678294e+00 3.125470033660707969e+00 3.617513136585927214e+00 2.302608784885044280e+00 2.191479550833769885e+00 2.530231760335760693e+00 1.207199460898724430e+00
3.698865267834823722e+00 1.310482737256574604e+00 1.551916622041488170e+00 2.816768816794528174e+00 3.119381493686379070e+00 2.611412954027926947e+00 3.276603813964455103e+00 3.573255962606447511e+00 3.536850402655610459e+00 2.640589369202421821e+00 4.053130401987725229e+00 2.283804747117760936e+00 2.410433938125921660e+00 1.383139526551294685e+00 2.716062756452374938e+00 2.329701440697684589e+00 3.887840497304095866e+00 1.717058234050356846e+00 2.446194160760418956e+00
3.807893607486534826e+00 2.942524903698707561e+00 1.696271448204604626e+00 2.460938828554702251e+00 4.571331128359231499e+00 1.835955475925412861e+00 1.972827160669764046e+00 2.048369727324557577e+00 4.328531139435063402e+00 3.055869076031934473e+00 4.107918623297863725e+00 2.554431809248132623e+00 2.084729834862852016e+00 2.598195200895089485e+00 1.703257937018961554e+00 2.690069884850148973e+00 2.138166238671461272e+00 1.860169415011563965e+00 4.235024468699551292e+00
1.393703331328518091e+00 1.300438574394963576e+00 3.345583082007675291e+00 3.935611874471658389e+00 2.085411034899851579e+00 4.474594403025076161e+00 1.386441619568120398e+00 2.527945263598508241e+00 1.941349414557135722e+00 3.116902625899669932e+00 3.907906346876408588e+00 3.099816817375278699e+00 4.274582872222079111e+00 1.337025367502964635e+00 2.228837098255066262e+00 2.635223197098651937e+00 2.532877196816072818e+00 3.033882207767804928e+00 3.254953419197863962e+00
2.162006842987494348e+00 1.633142205211196352e+00 2.630197997881560390e+00 2.917585936383245038e+00 2.082966286944798018e+00 2.563527435280164468e+00 1.871438797484115790e+00 3.050876303984543458e+00 2.559299855024663284e+00 2.832939665875615631e+00 3.070251786876325717e+00 1.356437973481854131e+00 2.953835001183935383e+00 3.117485534152307558e+00 2.451071163663864461e+00 4.329338011475583947e+00 1.170573398024411516e+00 3.242545354402183388e+00 3.917954048611495210e+00
